693196937172951040 35286052 319 110614.58307210031 True 2007 60870
767803368081358848 15411968 528 29189.333333333332 True 2009 60434
693935557009801218 18954685 269 70463.51301115242 True 2007 67259
693691456222052352 11776180 115615 101.8568524845392 True 2007 35703
693827886021767169 12952282 229 56560.18340611354 True 2009 61527
690969315470868480 9527984 560 17014.257142857143 True 2007 88122
688755462783782912 12952282 229 56560.18340611354 True 2009 61527
692368829368918017 42876195 3 14292065.0 True 2007 139980
767561970182598657 35286065 319 110614.62382445141 True 2007 60870
693840291992838147 47335433 1106 42798.76401446655 True 2007 145490
689915847939219456 12952282 229 56560.18340611354 True 2009 61527
689890946683576322 12952282 229 56560.18340611354 True 2009 61527
672102358516670465 144240 653 220.88820826952528 True 2008 7232
693128224960856064 47335435 1106 42798.76582278481 True 2007 145490
693761289601060864 42876197 3 14292065.666666666 True 2007 139980
687274510643511296 583970 718 813.3286908077995 True 2007 11939
689641419825242112 12952282 229 56560.18340611354 True 2009 61527
688004802245214208 583970 718 813.3286908077995 True 2007 11939
693141729529184256 12952282 229 56560.18340611354 True 2009 61527
692023855926374400 57436240 120 478635.3333333333 True 2007 186624
688751061503442944 12952282 229 56560.18340611354 True 2009 61527
690650123358093312 42876198 3 14292066.0 True 2007 139980
693087220459270144 42876198 3 14292066.0 True 2007 139980
693897857376632832 11429292 10 1142929.2 True 2008 72865
692498490249891842 12952282 229 56560.18340611354 True 2009 61527
665309822208729088 UNK UNK UNK UNK UNK UNK
676955015265837056 2863492 98600 29.041501014198783 True 2007 31354
693071538896162816 11429292 10 1142929.2 True 2008 72865
693167683701968896 12952282 229 56560.18340611354 True 2009 61527
692701223326056449 35286066 319 110614.62695924765 True 2007 60870
693185853867294721 47335433 1106 42798.76401446655 True 2007 145490
692393375891361794 12952282 229 56560.18340611354 True 2009 61527
692691444046372865 57436244 120 478635.36666666664 True 2007 186624
693939356390653952 35286066 319 110614.62695924765 True 2007 60870
693555965019492352 57436244 120 478635.36666666664 True 2007 186624
692163879909064704 15840563 31412 504.2838087355151 True 2007 31550
676491949524713473 1092053 3921 278.5138995154297 True 2007 9144
693606934050684928 11776180 115615 101.8568524845392 True 2007 35703
693804277031157761 35286065 319 110614.62382445141 True 2007 60870
692082861525078017 583970 718 813.3286908077995 True 2007 11939
690580180805509121 725548 936 775.1581196581196 True 2010 5456
693265096278163456 15411968 528 29189.333333333332 True 2009 60434
692833140428017664 35286066 319 110614.62695924765 True 2007 60870
767092161716350980 57436244 120 478635.36666666664 True 2007 186624
767855091109863424 18954692 269 70463.53903345724 True 2007 67259
693060960001597440 47335446 1106 42798.77576853526 True 2007 145490
693466451081060353 47335446 1106 42798.77576853526 True 2007 145490
693857551620968448 11776180 115615 101.8568524845392 True 2007 35703
693321561542127616 57436244 120 478635.36666666664 True 2007 186624
688366079396163584 42876201 3 14292067.0 True 2007 139980
687748306571804672 11776180 115615 101.8568524845392 True 2007 35703
692874200927698945 9527985 560 17014.258928571428 True 2007 88122
692884886374318081 35286065 319 110614.62382445141 True 2007 60870
692410832307818497 4152111 1505 2758.8777408637875 True 2007 41084
681824512120324096 1196529 462 2589.8896103896104 True 2009 13794
693119705469587456 15411969 528 29189.335227272728 True 2009 60434
693471161313816576 15537910 1657 9377.133373566687 True 2007 96043
693129259334909952 11429292 10 1142929.2 True 2008 72865
693811101146963968 4152111 1505 2758.8777408637875 True 2007 41084
763964234774347776 1795929 964 1862.996887966805 True 2008 20699
691719802499432448 578202 650 889.5415384615385 True 2007 7342
689938201193115648 12952282 229 56560.18340611354 True 2009 61527
656848877463560192 191115 222 860.8783783783783 True 2008 4568
681199637387149313 1111211 2358 471.2514843087362 True 2007 14462
766541461189832704 42876203 3 14292067.666666666 True 2007 139980
691608761128067072 4408111 2535 1738.8998027613413 True 2008 20408
691632238035886081 42876203 3 14292067.666666666 True 2007 139980
688446106943008768 11776180 115615 101.8568524845392 True 2007 35703
687984820815851521 11776180 115615 101.8568524845392 True 2007 35703
641666167992647681 2510072 22017 114.00608620611345 True 2007 30796
693843042546106369 12952282 229 56560.18340611354 True 2009 61527
767861179951648768 18954693 269 70463.54275092937 True 2007 67259
767710042816602112 18954693 269 70463.54275092937 True 2007 67259
692748411481780224 42876203 3 14292067.666666666 True 2007 139980
693573781730783232 35286073 319 110614.64890282131 True 2007 60870
693466724822323200 7510087 513 14639.545808966861 True 2008 52553
689267711856263168 42876203 3 14292067.666666666 True 2007 139980
692753210692476928 42876203 3 14292067.666666666 True 2007 139980
693441093048766464 35286065 319 110614.62382445141 True 2007 60870
693200309955469312 6316156 339 18631.72861356932 True 2008 38772
693476774462820352 21778756 1114 19550.05026929982 True 2007 123575
692796451987034113 11429293 10 1142929.3 True 2008 72865
693140340367187969 35286066 319 110614.62695924765 True 2007 60870
690680149164085248 42876203 3 14292067.666666666 True 2007 139980
692071267189395457 12952282 229 56560.18340611354 True 2009 61527
692940257134653441 35286074 319 110614.65203761756 True 2007 60870
693586539562037248 35286066 319 110614.62695924765 True 2007 60870
692758581494599681 57436245 120 478635.375 True 2007 186624
767709416879644672 46269014 904 51182.53761061947 True 2007 206481
765612862681255936 1092053 3921 278.5138995154297 True 2007 9144
693853310479155200 11494567 5669 2027.6180984300581 True 2008 84672
691678576018657281 1125659 465 2420.772043010753 True 2008 6685
693648675772436480 2169703 1175 1846.5557446808511 True 2009 11966
691995324752252930 11429293 10 1142929.3 True 2008 72865
766822417712963584 11776180 115615 101.8568524845392 True 2007 35703
692845716826300418 12952282 229 56560.18340611354 True 2009 61527
692082592380751874 15840562 31412 504.28377690054754 True 2007 31550
693041285087756288 27773134 71 391170.9014084507 True 2007 120668
766323684076322816 57436245 120 478635.375 True 2007 186624
691789524498845699 9527987 560 17014.2625 True 2007 88122
693171092555431936 3586632 6924 518.0 True 2008 33386
692540218310803456 57436246 120 478635.38333333336 True 2007 186624
692665281362202624 578202 650 889.5415384615385 True 2007 7342
692803280238419971 9527987 560 17014.2625 True 2007 88122
693135382309896192 21778757 1114 19550.051166965888 True 2007 123575
692157602554343424 15840561 31412 504.28374506558004 True 2007 31550
693844030589902848 15840561 31412 504.28374506558004 True 2007 31550
692150118921957376 11429293 10 1142929.3 True 2008 72865
692929779696275456 57436248 120 478635.4 True 2007 186624
693086478667112448 4071970 628 6484.028662420382 True 2008 34768
692550140754841603 35286066 319 110614.62695924765 True 2007 60870
692752491482615808 57436248 120 478635.4 True 2007 186624
723025600810766336 11776180 115615 101.8568524845392 True 2007 35703
761573188543229952 12952282 229 56560.18340611354 True 2009 61527
764497123530375169 42876205 3 14292068.333333334 True 2007 139980
767807335691653120 3586632 6924 518.0 True 2008 33386
693826104633737217 6316156 339 18631.72861356932 True 2008 38772
693181857261719553 35286078 319 110614.6645768025 True 2007 60870
692820029159653377 6316156 339 18631.72861356932 True 2008 38772
692083780123783172 3445987 513 6717.323586744639 True 2007 38060
693080409282846720 47335463 1106 42798.79113924051 True 2007 145490
693858804279201794 46269016 904 51182.53982300885 True 2007 206481
693534670428971008 27773136 71 391170.92957746476 True 2007 120668
692925396292091905 6316156 339 18631.72861356932 True 2008 38772
693203974388895744 47335463 1106 42798.79113924051 True 2007 145490
666335363099660288 UNK UNK UNK UNK UNK UNK
693869818366287872 11494567 5669 2027.6180984300581 True 2008 84672
693059995013742592 UNK UNK UNK UNK UNK UNK
766752508312166402 57436249 120 478635.4083333333 True 2007 186624
686657138270277634 1196528 462 2589.8874458874457 True 2009 13794
692623941131722752 57436249 120 478635.4083333333 True 2007 186624
693546915892428800 11429293 10 1142929.3 True 2008 72865
693402634011701248 5569117 217 25664.133640552995 True 2008 51534
693456187036037123 35286080 319 110614.67084639499 True 2007 60870
765779159176077312 42876206 3 14292068.666666666 True 2007 139980
767129248045948929 11429293 10 1142929.3 True 2008 72865
682999206290829312 1169948 1259 929.2676727561557 True 2007 29345
761999790892806144 12952282 229 56560.18340611354 True 2009 61527
682916727282270208 3155049 1254 2515.988038277512 True 2007 33217
691285663522648065 42876206 3 14292068.666666666 True 2007 139980
692702295281262593 42876207 3 14292069.0 True 2007 139980
766715993385267201 11429293 10 1142929.3 True 2008 72865
690042063958732800 42876207 3 14292069.0 True 2007 139980
692890520960397312 35286076 319 110614.65830721003 True 2007 60870
687643002240679936 42876207 3 14292069.0 True 2007 139980
693528374996652032 18954697 269 70463.55762081784 True 2007 67259
689661418484994049 4408111 2535 1738.8998027613413 True 2008 20408
766568413418356736 42876207 3 14292069.0 True 2007 139980
692838430783332357 11429293 10 1142929.3 True 2008 72865
693281966846808064 47335462 1106 42798.790235081375 True 2007 145490
767859423150759936 11429293 10 1142929.3 True 2008 72865
693502060545703937 18954698 269 70463.56133828996 True 2007 67259
689860942671130624 12952282 229 56560.18340611354 True 2009 61527
692735698349199360 42876207 3 14292069.0 True 2007 139980
765859710503378944 42876207 3 14292069.0 True 2007 139980
767754921403899906 57436247 120 478635.39166666666 True 2007 186624
764906140257837056 12952282 229 56560.18340611354 True 2009 61527
687537772970684417 3155049 1254 2515.988038277512 True 2007 33217
682895395077373952 980325 2331 420.55984555984554 True 2008 37891
690106189951139840 42876207 3 14292069.0 True 2007 139980
693146363685642240 6316156 339 18631.72861356932 True 2008 38772
693315824132685824 1125659 465 2420.772043010753 True 2008 6685
693086218276474880 15840561 31412 504.28374506558004 True 2007 31550
767203096472719364 35286075 319 110614.6551724138 True 2007 60870
544324444773433348 9787366 2753 3555.1638212858697 True 2007 126058
524941132237910016 1631 2059 0.7921321029626032 True 2009 81
544271284796784640 UNK UNK UNK UNK UNK UNK
525028734991343617 1915265 369 5190.420054200542 True 2009 6922
524947674164760577 UNK UNK UNK UNK UNK UNK
615840865815298048 108932 45192 2.410426624181271 False 2015 872
614594259900080128 3726903 265 14063.784905660377 True 2007 27693
524936872666353664 1285623 409 3143.332518337408 True 2009 9036
641972184412327937 229311 109365 2.0967494170895624 False 2012 1409
524925215235911680 1836078 586 3133.2389078498295 True 2007 14505
524952883343925249 42876208 3 14292069.333333334 True 2007 139980
676367888543031296 206294 2362 87.33869602032176 True 2008 6506
524925050739490816 2908991 1171 2484.193851409052 True 2007 15239
544518335019229184 7042 2025 3.4775308641975307 False 2012 245
524962142563610625 1162 728 1.5961538461538463 False 2012 42
649903655160815616 47335462 1106 42798.790235081375 True 2007 145490
614618682543616000 3445987 513 6717.323586744639 True 2007 38060
544269749405097984 540878 4280 126.37336448598131 True 2008 3597
614607711368519680 1125659 465 2420.772043010753 True 2008 6685
544512108885725184 119886 242 495.39669421487605 True 2010 1096
553587303172833280 57436246 120 478635.38333333336 True 2007 186624
544382892378714113 1352739 4778 283.11825031393886 True 2012 13069
544319832486064128 14002902 7037 1989.8965468239307 True 2009 98163
544358564484378624 15411971 528 29189.339015151516 True 2009 60434
614608936491188225 3224422 2759 1168.6922798115259 True 2008 22617
544291965513134080 31002 1805 17.17562326869806 True 2009 388
641082932740947972 46269016 904 51182.53982300885 True 2007 206481
500378223977721856 548799 3755 146.15153129161118 True 2008 4923
614594667225571328 144606 42920 3.3691985088536813 True 2012 1572
544314234541469696 9787366 2753 3555.1638212858697 True 2007 126058
544380742076088320 13420 1120 11.982142857142858 True 2009 178
553590835850514433 5938162 28 212077.2142857143 True 2007 26677
553587672137334785 4028320 3 1342773.3333333333 True 2009 21351
544512676643500033 461737 15492 29.80486702814356 True 2008 4442
675490515748425728 622228 430 1447.0418604651163 False 2011 1034
614609560658161664 141476 249 568.1767068273092 True 2008 4238
544291804057960448 UNK UNK UNK UNK UNK UNK
681147789653356544 5410086 908 5958.244493392071 True 2008 22143
615689290706595840 2236224 97 23053.855670103094 True 2009 3138
552802654641225728 114262 446 256.19282511210764 True 2014 1902
553534838880608256 1849404 675 2739.8577777777778 True 2011 22880
544282005941530624 1635600 11633 140.6000171924697 True 2008 19099
614595106906226688 7236 1291 5.604957397366382 True 2009 418
544274934835707905 27773139 71 391170.9718309859 True 2007 120668
614610364702044164 4152113 1505 2758.8790697674417 True 2007 41084
544367462012432384 18954699 269 70463.56505576208 True 2007 67259
552792802309181440 136693 341 400.8592375366569 True 2012 3641
614467824313106432 UNK UNK UNK UNK UNK UNK
616421546702336000 9787366 2753 3555.1638212858697 True 2007 126058
524966904885428226 3076575 627 4906.818181818182 True 2009 23034
614593386188828672 15411972 528 29189.340909090908 True 2009 60434
614604580601597953 3726904 265 14063.788679245283 True 2007 27693
649881917534433280 46269022 904 51182.54646017699 True 2007 206481
544520273718812672 72810 1017 71.59292035398231 True 2009 275
552783667052167168 408998 1101 371.4786557674841 True 2009 7980
552791196247269378 10375412 370 28041.654054054055 True 2007 41730
623599854661541888 1139743 715 1594.0461538461539 True 2009 8693
649889459836710912 46269024 904 51182.54867256637 True 2007 206481
552834961762709505 3076575 627 4906.818181818182 True 2009 23034
544358533819420672 10375413 370 28041.656756756758 True 2007 41730
651018580989972480 96996 4159 23.321952392402018 False 2008 1664
552791578893619200 8697592 1084 8023.608856088561 True 2009 63167
614605997953404929 14002901 7037 1989.8964047179195 True 2009 98164
525019752507658240 UNK UNK UNK UNK UNK UNK
544277117039837184 461737 15492 29.80486702814356 True 2008 4442
544504183341064192 1614342 195 8278.676923076922 True 2009 3941
525025279803424768 8734 2141 4.079402148528725 True 2007 512
524944399890124801 1285624 409 3143.3349633251833 True 2009 9036
614610102927147008 49177 651 75.54070660522274 False 2011 1213
614628865353351168 10375414 370 28041.65945945946 True 2007 41730
552793679082311680 2862975 748 3827.506684491979 True 2008 18553
553589051044151296 136693 341 400.8592375366569 True 2012 3641
544350712365207552 200158 14561 13.746171279445093 True 2007 2572
614594195479752704 1007384 474 2125.2827004219407 True 2007 11185
552792544132997121 3194057 1146 2787.135253054101 True 2008 24606
544381485591982083 11777 953 12.35781741867786 True 2012 219
649985459389661184 46269024 904 51182.54867256637 True 2007 206481
524995771587108864 53716 1163 46.18744625967326 True 2009 415
614645853291155457 3726904 265 14063.788679245283 True 2007 27693
615494435074363392 249796 11 22708.727272727272 False 2012 207
553587013409325058 1849404 675 2739.8577777777778 True 2011 22880
544283772569788416 5938164 28 212077.2857142857 True 2007 26677
524959809402331137 57436248 120 478635.4 True 2007 186624
544517264054423552 119886 242 495.39669421487605 True 2010 1096
544491151118860289 235448 8273 28.459809017285146 False 2011 3925
553476880339599360 3076575 627 4906.818181818182 True 2009 23034
544374511194632192 15411973 528 29189.342803030304 True 2009 60434
614620298877513729 15411973 528 29189.342803030304 True 2009 60434
498430783699554305 290166 950 305.4378947368421 True 2009 3968
544271362022338560 2821 1620 1.741358024691358 True 2010 73
553512735192141826 4028321 3 1342773.6666666667 True 2009 21351
614650850393391104 14349 3628 3.955071664829107 False 2013 210
552785375161499649 3194057 1146 2787.135253054101 True 2008 24606
553506608203169792 42876211 3 14292070.333333334 True 2007 139980
614599587362414592 27082 4106 6.5957135898684855 True 2009 1046
667487418388488192 254172 67 3793.6119402985073 True 2008 5051
614891047886434304 1797117 661 2718.78517397882 True 2008 32535
615592870540488704 464589 3 154863.0 False 2011 283
614610920782888960 257053 207 1241.8019323671497 True 2008 3159
553160652567498752 15411973 528 29189.342803030304 True 2009 60434
544305540286148609 23666 676 35.00887573964497 True 2013 442
553566026030272512 15411973 528 29189.342803030304 True 2009 60434
553107921081749504 7508455 1823 4118.735600658256 True 2008 44754
614604054552018944 UNK UNK UNK UNK UNK UNK
553544694765215745 22183 1095 20.258447488584476 True 2007 423
524932935137628160 855420 1027 832.9308666017527 True 2009 10957
544513524438155264 3155050 1254 2515.9888357256777 True 2007 33217
553586897168392192 246601 1152 214.06336805555554 True 2009 5505
544290258951892992 17631245 907 19439.079382579934 True 2007 116995
552805488631758849 57436249 120 478635.4083333333 True 2007 186624
553590459688570880 136693 341 400.8592375366569 True 2012 3641
544329935943237632 UNK UNK UNK UNK UNK UNK
552811386259386370 17631245 907 19439.079382579934 True 2007 116995
544319274072817664 UNK UNK UNK UNK UNK UNK
668849913678209024 254172 67 3793.6119402985073 True 2008 5051
614671961801785344 4152114 1505 2758.8797342192693 True 2007 41084
524935485370929152 389451 4278 91.03576437587658 True 2009 6315
642465192408940544 323062 8127 39.75169189122678 False 2010 2120
614702244001382400 4152114 1505 2758.8797342192693 True 2007 41084
553535829017370625 3361640 453 7420.83885209713 True 2007 10910
667073349974102017 18732 312 60.03846153846154 False 2011 663
544268732046913536 461737 15492 29.80486702814356 True 2008 4442
544282227035869184 235448 8273 28.459809017285146 False 2011 3925
524925987239120897 200851 305 658.527868852459 True 2009 3154
614593989203886080 45079 956 47.15376569037657 True 2009 540
544301453717041152 235436 8274 28.45491902344694 False 2011 3925
552792913910833152 3361640 453 7420.83885209713 True 2007 10910
619242759359037440 1759282 1747 1007.0303377218088 False 2012 1629
614601139422633984 1425814 456 3126.785087719298 True 2009 10849
544289311504355328 UNK UNK UNK UNK UNK UNK
580348081100734464 42876216 3 14292072.0 True 2007 139980
616765822095261700 23891441 81 294956.06172839506 True 2008 65583
628319096606732290 6583963 2907 2264.865153078775 True 2007 23941
553543369604210689 UNK UNK UNK UNK UNK UNK
614599619310407680 18954699 269 70463.56505576208 True 2007 67259
614615157730357248 3726905 265 14063.792452830188 True 2007 27693
553508098825261056 7508456 1823 4118.7361492046075 True 2008 44754
580324027715063808 965475 168 5746.875 True 2009 5289
628336948810268673 265408 1087 244.16559337626495 True 2012 1263
525056576038518785 2862977 748 3827.5093582887703 True 2008 18553
544289941996326912 717478 545 1316.4733944954128 True 2007 5912
544399927045283840 42876218 3 14292072.666666666 True 2007 139980
552832817089236992 35063 265 132.3132075471698 True 2011 1346
553221600955621376 UNK UNK UNK UNK UNK UNK
524969201102901248 1915266 369 5190.422764227642 True 2009 6922
525049639016615937 23419 124 188.86290322580646 True 2009 218
614790312955904000 17030289 495 34404.624242424245 True 2008 104243
544511199702822913 335169 213 1573.5633802816901 True 2010 1556
628681462976528384 7510090 513 14639.551656920077 True 2008 52553
614595181845839873 21670 1772 12.229119638826186 True 2009 800
524923676484177920 39253 4016 9.774153386454183 True 2009 681
616481759329427456 9787366 2753 3555.1638212858697 True 2007 126058
544352727971954690 9527988 560 17014.264285714286 True 2007 88122
544278335455776769 1849405 675 2739.859259259259 True 2011 22880
614617234942656512 2055724 2364 869.595600676819 True 2008 23370
623533663947517952 UNK UNK UNK UNK UNK UNK
614628136634949632 511869 11565 44.26018158236057 False 2009 3749
525060425184858112 57436254 120 478635.45 True 2007 186624
544515538383564801 102451 2255 45.43281596452328 True 2009 1977
544514564407427072 23666 676 35.00887573964497 True 2013 442
650037735579910145 268204 422 635.5545023696683 True 2008 2284
614616994499788800 UNK UNK UNK UNK UNK UNK
525023025792835585 66307 32015 2.0711229111354053 True 2008 948
524931324763992064 UNK UNK UNK UNK UNK UNK
614599815280857088 319516 1547 206.53910795087265 True 2009 4318
632377165477191680 UNK UNK UNK UNK UNK UNK
656870311057575936 15946882 5295 3011.6868744098206 True 2009 59079
672513234419638273 15411973 528 29189.342803030304 True 2009 60434
647169726158925824 3341189 345 9684.605797101449 True 2008 17551
641088973717110784 390 671 0.5812220566318927 False 2010 28
642027433693171712 3341189 345 9684.605797101449 True 2008 17551
626516248206135296 1352739 4778 283.11825031393886 True 2012 13069
629209452793626624 10492 334 31.41317365269461 False 2013 9
662151653462790144 UNK UNK UNK UNK UNK UNK
659439879701602304 62165 311 199.88745980707395 False 2013 587
640107106943766528 4565 754 6.054376657824934 True 2010 217
647168914955243520 23570 4991 4.7225005009016225 True 2009 888
613023744454475776 3341189 345 9684.605797101449 True 2008 17551
626642648179159040 6583963 2907 2264.865153078775 True 2007 23941
615346611955183616 UNK UNK UNK UNK UNK UNK
666810213274689537 1205153 4203 286.736378777064 True 2007 8931
676094756758364160 2527896 1 2527896.0 False 2007 8237
626898253900943360 UNK UNK UNK UNK UNK UNK
647169573599449088 235448 8273 28.459809017285146 False 2011 3925
637873886072320001 47335488 1106 42798.81374321881 True 2007 145490
651825062174195712 7394236 1931 3829.226307612636 True 2010 19267
674187250792558592 29227 3270 8.937920489296635 False 2010 872
675193315306905600 3076574 627 4906.81658692185 True 2009 23034
668872645589471232 2527896 1 2527896.0 False 2007 8237
669613420665159680 254172 67 3793.6119402985073 True 2008 5051
618805892222468096 1133174 971 1167.0175077239958 True 2011 4359
645362146415525888 UNK UNK UNK UNK UNK UNK
643103859729166337 766482 1017 753.669616519174 True 2011 5245
674364257799004160 UNK UNK UNK UNK UNK UNK
666190716448587776 91368 14505 6.299069286452947 False 2013 564
634404792241143809 11429298 10 1142929.8 True 2008 72865
631388553801564160 50651 23535 2.15215636286382 False 2014 141
672219174463275008 15411977 528 29189.35037878788 True 2009 60434
667534186450825216 UNK UNK UNK UNK UNK UNK
676120162018451456 UNK UNK UNK UNK UNK UNK
674229534888185856 2862977 748 3827.5093582887703 True 2008 18553
672902686380003328 UNK UNK UNK UNK UNK UNK
666070802924617728 UNK UNK UNK UNK UNK UNK
674244561519161344 9787366 2753 3555.1638212858697 True 2007 126058
655080266784968705 47335492 1106 42798.81735985533 True 2007 145491
633823543541768192 UNK UNK UNK UNK UNK UNK
642145732435292160 47335492 1106 42798.81735985533 True 2007 145491
662381914842603520 UNK UNK UNK UNK UNK UNK
676870737932742656 15411977 528 29189.35037878788 True 2009 60434
626770498328895488 169681 11954 14.194495566337627 False 2012 653
628045645010608128 UNK UNK UNK UNK UNK UNK
659462980476637184 UNK UNK UNK UNK UNK UNK
672539897899577344 UNK UNK UNK UNK UNK UNK
672433211604013057 114173 6058 18.846649059095412 False 2012 965
674014933235859456 UNK UNK UNK UNK UNK UNK
664000310856310784 2196620 729 3013.196159122085 True 2008 10939
657007736467525632 2527897 1 2527897.0 False 2007 8237
620971220301787136 UNK UNK UNK UNK UNK UNK
611039775856812032 10375420 370 28041.675675675677 True 2007 41730
613294443878305796 263420 1835 143.55313351498637 True 2011 3291
675064077367005184 102587 1315 78.012927756654 False 2009 1292
613362193787129860 UNK UNK UNK UNK UNK UNK
638047610973089793 5375 92 58.42391304347826 False 2013 105
653250169752977408 47335492 1106 42798.81735985533 True 2007 145491
669259395902152704 UNK UNK UNK UNK UNK UNK
675005503160901632 373844 618 604.9255663430421 True 2011 6051
614054616154550273 UNK UNK UNK UNK UNK UNK
676067381299576832 3329195 337 9878.916913946587 True 2009 13237
672424512516964352 3329195 337 9878.916913946587 True 2009 13237
604642913188872192 409827 106 3866.2924528301887 False 2013 2953
656880145769197568 UNK UNK UNK UNK UNK UNK
663817239896821760 6583964 2907 2264.8654970760235 True 2007 23941
672632863452299264 174409 167974 1.0383095002798053 False 2010 724
666051332504207360 342492 1405 243.7665480427046 True 2009 6465
672927317191229440 UNK UNK UNK UNK UNK UNK
656811196218286080 398298 1409 282.68133427963096 True 2010 4784
652783670370115585 2527897 1 2527897.0 False 2007 8237
662430295254175744 459840 1156 397.7854671280277 False 2010 5035
673686233936072704 1205153 4203 286.736378777064 True 2007 8931
665358434351509504 UNK UNK UNK UNK UNK UNK
604625816992002049 UNK UNK UNK UNK UNK UNK
656595123590012928 398298 1409 282.68133427963096 True 2010 4784
613016993692798977 225814 995 226.94874371859297 True 2013 2001
647464349611589632 47335497 1106 42798.821880651 True 2007 145491
613404935003217920 11494567 5669 2027.6180984300581 True 2008 84672
658259426172891136 UNK UNK UNK UNK UNK UNK
674301413040758785 10375419 370 28041.672972972974 True 2007 41730
676718762830221312 2196622 729 3013.19890260631 True 2008 10939
668144671772778497 761641 1214 627.3813838550248 True 2007 11435
620367840902782976 169681 11954 14.194495566337627 False 2012 653
636925368927064064 254172 67 3793.6119402985073 True 2008 5051
673615400655970304 UNK UNK UNK UNK UNK UNK
656830586577883136 15411976 528 29189.348484848484 True 2009 60434
658786161733734400 UNK UNK UNK UNK UNK UNK
672632899921833984 129094 49629 2.6011807612484636 False 2012 770
666497286663503872 4071972 628 6484.031847133758 True 2008 34768
658065957823324160 UNK UNK UNK UNK UNK UNK
663925546812837888 10733 20 536.65 False 2008 546
673079581520318464 1865489 24 77728.70833333333 False 2011 5066
651959206287908868 2196622 729 3013.19890260631 True 2008 10939
612646796355960832 1108698 360 3079.7166666666667 True 2010 10780
661120256732041216 7459 4936 1.5111426256077796 False 2011 161
623818627054206977 UNK UNK UNK UNK UNK UNK
654343805081157633 54 36 1.5 False 2011 1
665575674485211136 250237 251397 0.9953857842376799 False 2009 1128
626901072209121282 UNK UNK UNK UNK UNK UNK
613425834301485056 545915 14343 38.06142369099909 True 2009 6358
656825206045020160 7510093 513 14639.557504873294 True 2008 52553
655986243042459648 2527898 1 2527898.0 False 2007 8237
642432477185867776 729947 30 24331.566666666666 False 2012 1354
637382230394822656 243528 201080 1.2111000596777401 False 2009 3237
640644123339431936 UNK UNK UNK UNK UNK UNK
656818921979310081 69822 1694 41.2172373081464 True 2010 983
661299012386095105 9787366 2753 3555.1638212858697 True 2007 126058
654371696195993600 UNK UNK UNK UNK UNK UNK
666633171325353989 27773156 71 391171.21126760566 True 2007 120668
647193820812177408 7510093 513 14639.557504873294 True 2008 52553
656047932093763584 57436257 120 478635.475 True 2007 186625
644229386149888001 11217 13061 0.8588163234055586 False 2008 139
665379967757324288 17346 12280 1.4125407166123778 False 2009 228
674301960787505153 10036 160 62.725 False 2014 98
618192748735299584 1092036 213 5126.929577464789 False 2010 2584
673872171341447169 113924 3963 28.74690890739339 True 2012 2540
672180526946656256 82985 839 98.90941597139452 True 2007 2903
674314254732931072 3341189 345 9684.605797101449 True 2008 17551
661222523275636736 113164 159493 0.7095233019630955 False 2015 365
634943791934406657 42292 28853 1.4657747894499706 False 2011 565
665364878287224834 163966 2303 71.19669995657837 False 2012 1452
633961125126668288 3341189 345 9684.605797101449 True 2008 17551
651321040119963648 UNK UNK UNK UNK UNK UNK
634665777400950784 UNK UNK UNK UNK UNK UNK
613114185505996802 14002904 7037 1989.8968310359528 True 2009 98164
638050997340893184 47335504 1106 42798.82820976492 True 2007 145492
626897206717624320 UNK UNK UNK UNK UNK UNK
613061089518034944 408732 2058 198.6064139941691 True 2011 1257
671181758692507648 144606 42920 3.3691985088536813 True 2012 1572
675043569367982081 388547 1977 196.5336368234699 True 2008 8540
663904307113275392 10375421 370 28041.67837837838 True 2007 41730
637868242560638980 27281 4988 5.469326383319968 False 2015 134
648894687542034432 UNK UNK UNK UNK UNK UNK
656955120626880512 UNK UNK UNK UNK UNK UNK
673984270902427650 2128 1713 1.2422650321074138 False 2010 185
633949800761700352 3341189 345 9684.605797101449 True 2008 17551
648310692794109952 2527899 1 2527899.0 False 2007 8237
661251968078221312 UNK UNK UNK UNK UNK UNK
620916279608651776 UNK UNK UNK UNK UNK UNK
645711628046995462 6528 3808 1.7142857142857142 False 2012 102
645356735545364480 11378 32 355.5625 False 2015 2
667465205258051584 67454 59851 1.127032129788976 False 2012 282
663515735231062016 10774 3032 3.5534300791556728 False 2015 103
669201837187334144 2527899 1 2527899.0 False 2007 8237
622858454949040128 91810 997 92.08625877632899 True 2009 1447
643225207705075716 11234 5191 2.1641302253900982 False 2015 148
672906198434209792 15411978 528 29189.352272727272 True 2009 60434
672488384695279616 64277 64204 1.0011370008099183 False 2012 201
612741808125120513 503747 2 251873.5 True 2014 2503
660466342038867969 4796 671 7.147540983606557 False 2015 54
652992524504600576 UNK UNK UNK UNK UNK UNK
651402689352351744 11233990 94725 118.59583003430984 True 2006 27770
618449248179191808 UNK UNK UNK UNK UNK UNK
643139873264812032 UNK UNK UNK UNK UNK UNK
641430951403343872 993036 3783 262.4996034892942 False 2012 2298
672432930426372096 136022 114010 1.193070783264626 False 2009 940
627828211003469825 6583964 2907 2264.8654970760235 True 2007 23941
663385747177775105 2527900 1 2527900.0 False 2007 8237
620835698514464768 UNK UNK UNK UNK UNK UNK
654351281260113920 28 55 0.509090909090909 False 2013 0
665361505303584774 12128 12269 0.9885076208329937 False 2008 279
677099574855639044 15411978 528 29189.352272727272 True 2009 60434
652882609219833856 47335510 1106 42798.83363471971 True 2007 145492
714555825122107392 1775 3823 0.4642950562385561 False 2009 116
722885778448121857 254172 67 3793.6119402985073 True 2008 5051
651786568592658433 14729 222 66.34684684684684 True 2010 219
663744139666804736 117467 80986 1.4504605734324452 True 2013 1685
748558349139058688 101583 7030 14.449928876244666 False 2011 620
724320681517670400 18954705 269 70463.5873605948 True 2007 67259
653432261203750912 5964329 3901 1528.9230966418868 True 2008 21577
742678930516123650 UNK UNK UNK UNK UNK UNK
727172374999666688 2246170 1182 1900.3130287648055 True 2010 13214
743126914794037248 29709 5 5941.8 False 2013 39
715256242990505984 3248229 691 4700.765557163531 True 2007 24784
752965545528528898 7477479 1719 4349.90052356021 True 2008 32004
752875379765968897 16676 17255 0.9664445088380179 False 2007 800
715254040289021952 209932 3943 53.24169414151661 True 2008 5509
707405809181917184 3726907 265 14063.8 True 2007 27693
714598641827246081 223683 981 228.01529051987768 True 2009 2201
707412869860696064 3726907 265 14063.8 True 2007 27693
701872343736520704 11815535 1460 8092.832191780822 True 2010 22464
726086935903494144 668471 2779 240.54372076286435 True 2012 3972
701539698452393986 46269032 904 51182.55752212389 True 2007 206483
707321278135463936 217932 2323 93.81489453293156 True 2008 5301
727966590084485120 11494568 5669 2027.618274828012 True 2008 84673
724348906096590849 18954705 269 70463.5873605948 True 2007 67259
778949749156245504 UNK UNK UNK UNK UNK UNK
755439197125767169 14002906 7037 1989.897115247975 True 2009 98164
760120409429643266 2236231 97 23053.927835051545 True 2009 3138
649584608560832513 241626 1201 201.18734388009992 True 2010 2378
727854332188577792 UNK UNK UNK UNK UNK UNK
748543642323783681 UNK UNK UNK UNK UNK UNK
780436430732525569 28104 826 34.02421307506053 True 2008 489
764931593303646208 263421 1835 143.55367847411443 True 2011 3291
732981604826677249 17030296 495 34404.638383838384 True 2008 104243
714577521992343552 7136 756 9.43915343915344 False 2010 240
707420972173955072 1635601 11633 140.60010315481819 True 2008 19099
749286768554438658 47335510 1106 42798.83363471971 True 2007 145492
724703995147751424 4071973 628 6484.033439490446 True 2008 34768
714560810266132480 1814791 199 9119.552763819096 True 2008 16587
714503380476026880 10957 165 66.4060606060606 False 2009 256
728627623488786433 375304 205 1830.7512195121951 False 2011 739
727179214546456577 1326008 114 11631.649122807017 True 2012 9593
707308274270539777 UNK UNK UNK UNK UNK UNK
716461257025581056 56757 1969 28.825292026409343 False 2015 482
650975967146602496 1578593 3305 477.63782148260213 True 2009 16832
760928376668454912 237658 866 274.43187066974593 True 2009 1721
725983128444129280 188911 28624 6.59974147568474 False 2009 1306
715671763808493569 120059 106528 1.1270182487233404 False 2009 1004
730939370765754368 UNK UNK UNK UNK UNK UNK
655812191233417216 47558 42624 1.1157563813813813 False 2010 318
778530869208190976 11758 5125 2.294243902439024 False 2016 151
778625026144792577 209933 3943 53.24194775551611 True 2008 5509
707310135291416576 231491 582 397.7508591065292 True 2008 2789
716092408920936448 UNK UNK UNK UNK UNK UNK
778681502825451520 382446 769 497.3289986996099 True 2010 5318
714851393861881857 23629 534 44.249063670411985 False 2015 159
714998347111669760 11815535 1460 8092.832191780822 True 2010 22464
729647367457230850 15946884 5295 3011.687252124646 True 2009 59079
760109079133990912 2236231 97 23053.927835051545 True 2009 3138
728038172270198787 293977 1037 283.4879459980714 False 2012 1264
701975210044497921 39335 3430 11.46793002915452 True 2010 676
780882510645370880 161936 2162 74.90101757631822 True 2007 2544
742050150307246080 52260 33113 1.5782321142753601 False 2008 1334
727623131494387714 43062 27882 1.5444372713578653 False 2015 49
751536167183613952 178977 1335 134.06516853932584 False 2009 3190
723477822950395904 3076574 627 4906.81658692185 True 2009 23034
743058135300988932 UNK UNK UNK UNK UNK UNK
653432177632387072 11776181 115615 101.85686113393591 True 2007 35703
765735409984806912 121390 6463 18.782299241838157 True 2008 2332
652300118205427716 UNK UNK UNK UNK UNK UNK
763520953619918848 323062 8127 39.75169189122678 False 2010 2120
740791134146965504 367332 17185 21.375152749490834 True 2009 2627
697992796565741569 1184 435 2.72183908045977 False 2010 29
763738618573623297 UNK UNK UNK UNK UNK UNK
778299287293816832 UNK UNK UNK UNK UNK UNK
714531423273746432 35433 3305 10.721028744326778 False 2011 868
743764020679741440 188877 754 250.5 True 2008 1202
763896522790440960 UNK UNK UNK UNK UNK UNK
778689027918618625 8153663 70187 116.17055865046234 True 2007 68141
714567472712589312 153017 8135 18.809711124769514 False 2012 1311
748640007934590976 47335520 1106 42798.84267631103 True 2007 145492
726442550266044416 241703 31885 7.58046103183315 True 2011 3236
707305999971921920 323129 201620 1.602663426247396 False 2013 1082
711994705333112832 905777 3052 296.78145478374836 True 2009 15638
728273551883534336 252652 18 14036.222222222223 False 2013 154
749039299677417472 UNK UNK UNK UNK UNK UNK
723504069814444033 315243 972 324.3240740740741 True 2010 2531
730516765525082112 254172 67 3793.6119402985073 True 2008 5051
723644048867774464 4067003 977 4162.7461617195495 True 2008 15039
703234354579898368 169681 11954 14.194495566337627 False 2012 653
705093513076015104 235448 8273 28.459809017285146 False 2011 3925
779633844680962048 UNK UNK UNK UNK UNK UNK
656361703664451585 19361 1666 11.62124849939976 True 2011 365
652982112870662144 11494568 5669 2027.618274828012 True 2008 84673
755548076438196225 UNK UNK UNK UNK UNK UNK
765739657908850688 48322 1360 35.53088235294118 True 2011 1226
716416753409081344 51940 24479 2.121818701744352 False 2009 1926
763524712853102596 108027 97681 1.105916196599134 False 2010 403
717081129627553792 UNK UNK UNK UNK UNK UNK
725070832494624769 241703 31885 7.58046103183315 True 2011 3236
763430916236640256 12767 4644 2.7491386735572783 False 2016 28
777710439870455808 UNK UNK UNK UNK UNK UNK
728013148788154368 255841 16436 15.565891944512046 True 2007 3310
755523157700648960 121604 1272 95.6006289308176 False 2015 104
732004388181434368 1014308 155 6543.922580645161 True 2009 10150
715268937873760256 11494568 5669 2027.618274828012 True 2008 84673
774833492865593344 25671 1282 20.02418096723869 False 2015 106
712223438698627073 905777 3052 296.78145478374836 True 2009 15638
724939017410727938 UNK UNK UNK UNK UNK UNK
707786906189303808 13504 6 2250.6666666666665 False 2016 23
764368020391223296 12767 4644 2.7491386735572783 False 2016 28
757450526153900032 405143 417 971.5659472422062 True 2007 5404
757190314880884736 49817 4373 11.39195060599131 False 2012 768
716424773216022530 UNK UNK UNK UNK UNK UNK
653285570383335424 215191 4907 43.85388220908906 True 2014 258
701514249269542912 46269040 904 51182.566371681416 True 2007 206483
731093044460683264 15537926 1657 9377.143029571514 True 2007 96043
724044187113512960 4067003 977 4162.7461617195495 True 2008 15039
656523458139045889 UNK UNK UNK UNK UNK UNK
714598318333042688 UNK UNK UNK UNK UNK UNK
706933939953344514 23936 12793 1.8710232158211522 False 2014 414
640182854928961536 3194060 1146 2787.1378708551483 True 2008 24606
715253497462145024 1007485 474 2125.4957805907175 True 2007 11185
658938136299511808 2862979 748 3827.5120320855617 True 2008 18553
726190016435728385 1326008 114 11631.649122807017 True 2012 9593
724603564946010112 1326008 114 11631.649122807017 True 2012 9593
745236050407194624 382446 769 497.3289986996099 True 2010 5318
727982226290442240 1016701 2774 366.5108147080029 True 2009 5485
705092738224525312 235448 8273 28.459809017285146 False 2011 3925
648993731169939456 2196623 729 3013.2002743484227 True 2008 10939
640118021101604864 2920842 282 10357.595744680852 True 2009 33104
650254360727973889 52731 1738 30.34004602991945 False 2009 787
742571519105077248 UNK UNK UNK UNK UNK UNK
728101712762834944 139 153 0.9084967320261438 False 2013 0
652000523525091328 2862979 748 3827.5120320855617 True 2008 18554
755475529294352385 13192 8710 1.5145809414466131 False 2015 146
724624672604610562 7312 2271 3.219726992514311 False 2010 77
723915846985342976 4067003 977 4162.7461617195495 True 2008 15039
733242244522725376 78306 38188 2.05053943647219 False 2013 588
651486105628463105 13835 99 139.74747474747474 True 2011 65
775672628493357057 2138796 2061 1037.7467248908297 True 2009 5616
716448280201269248 9023 4254 2.121062529384109 False 2015 92
759460236042305536 1062613 11680 90.97714041095891 True 2008 9913
766808183696351233 UNK UNK UNK UNK UNK UNK
707332312724283392 429582 16799 25.571879278528485 True 2011 2763
651044059222556674 104754 981 106.78287461773701 True 2010 1302
728207861050970112 426160 52 8195.384615384615 False 2011 3113
707604196812591104 235448 8273 28.459809017285146 False 2011 3925
727116900983934976 126925 14589 8.700047981355816 True 2008 2314
756690088533393409 1797117 661 2718.78517397882 True 2008 32535
723365789378584578 1734835 509 3408.320235756385 True 2009 4221
741995157969592321 UNK UNK UNK UNK UNK UNK
724661834419048448 1133 369 3.0704607046070462 False 2012 44
765887221736046592 UNK UNK UNK UNK UNK UNK
701175292937707520 UNK UNK UNK UNK UNK UNK
650710483289419776 518587 2 259293.5 False 2012 2483
652349108653551616 11494568 5669 2027.618274828012 True 2008 84673
723511860516016128 545915 14343 38.06142369099909 True 2009 6358
715255507506892800 1007485 474 2125.4957805907175 True 2007 11185
726043971911213057 1326008 114 11631.649122807017 True 2012 9593
728631482722308096 668472 2779 240.544080604534 True 2012 3972
778572032531427332 209933 3943 53.24194775551611 True 2008 5509
727187859367546880 186800 57267 3.2619134929365954 False 2009 447
