693196937172951040 35285526 319 110612.934169279 True 2007 60868
767803368081358848 15412334 528 29190.026515151516 True 2009 60429
693935557009801218 18954313 269 70462.13011152417 True 2007 67257
693691456222052352 11776260 115615 101.85754443627557 True 2007 35705
693827886021767169 12952292 229 56560.22707423581 True 2009 61527
690969315470868480 9527930 560 17014.160714285714 True 2007 88122
688755462783782912 12952292 229 56560.22707423581 True 2009 61527
692368829368918017 42875425 3 14291808.333333334 True 2007 139975
767561970182598657 35285526 319 110612.934169279 True 2007 60868
693840291992838147 47333969 1106 42797.440325497286 True 2007 145480
689915847939219456 12952292 229 56560.22707423581 True 2009 61527
689890946683576322 12952292 229 56560.22707423581 True 2009 61527
672102358516670465 144239 653 220.8866768759571 True 2008 7232
693128224960856064 47333970 1106 42797.44122965642 True 2007 145480
693761289601060864 42875426 3 14291808.666666666 True 2007 139975
687274510643511296 583969 718 813.3272980501392 True 2007 11939
689641419825242112 12952292 229 56560.22707423581 True 2009 61527
688004802245214208 583969 718 813.3272980501392 True 2007 11939
693141729529184256 12952292 229 56560.22707423581 True 2009 61527
692023855926374400 57435730 120 478631.0833333333 True 2007 186631
688751061503442944 12952292 229 56560.22707423581 True 2009 61527
690650123358093312 42875427 3 14291809.0 True 2007 139975
693087220459270144 42875427 3 14291809.0 True 2007 139975
693897857376632832 11429389 10 1142938.9 True 2008 72865
692498490249891842 12952292 229 56560.22707423581 True 2009 61527
665309822208729088 UNK UNK UNK UNK UNK UNK
676955015265837056 2863509 98600 29.041673427991885 True 2007 31354
693071538896162816 11429389 10 1142938.9 True 2008 72865
693167683701968896 12952292 229 56560.22707423581 True 2009 61527
692701223326056449 35285527 319 110612.93730407524 True 2007 60868
693185853867294721 47333968 1106 42797.43942133815 True 2007 145480
692393375891361794 12952292 229 56560.22707423581 True 2009 61527
692691444046372865 57435734 120 478631.11666666664 True 2007 186631
693939356390653952 35285527 319 110612.93730407524 True 2007 60868
693555965019492352 57435734 120 478631.11666666664 True 2007 186631
692163879909064704 15840729 31412 504.2890933401248 True 2007 31550
676491949524713473 1092053 3921 278.5138995154297 True 2007 9144
693606934050684928 11776260 115615 101.85754443627557 True 2007 35705
693804277031157761 35285532 319 110612.95297805643 True 2007 60868
692082861525078017 583969 718 813.3272980501392 True 2007 11939
690580180805509121 725569 936 775.1805555555555 True 2010 5454
693140340367187969 35285532 319 110612.95297805643 True 2007 60868
690680149164085248 42875428 3 14291809.333333334 True 2007 139975
692071267189395457 12952292 229 56560.22707423581 True 2009 61527
692940257134653441 35285532 319 110612.95297805643 True 2007 60868
693586539562037248 35285532 319 110612.95297805643 True 2007 60868
692758581494599681 57435733 120 478631.10833333334 True 2007 186631
767709416879644672 46268490 904 51181.95796460177 True 2007 206489
765612862681255936 1092053 3921 278.5138995154297 True 2007 9144
693853310479155200 11494616 5669 2027.6267419297935 True 2008 84670
691678576018657281 1125659 465 2420.772043010753 True 2008 6685
693648675772436480 2169691 1175 1846.5455319148937 True 2009 11967
691995324752252930 11429389 10 1142938.9 True 2008 72865
766822417712963584 11776261 115615 101.85755308567228 True 2007 35705
692845716826300418 12952292 229 56560.22707423581 True 2009 61527
692082592380751874 15840730 31412 504.2891251750923 True 2007 31550
693041285087756288 27772712 71 391164.95774647885 True 2007 120661
766323684076322816 57435736 120 478631.13333333336 True 2007 186631
691789524498845699 9527931 560 17014.1625 True 2007 88122
693171092555431936 3586600 6924 517.9953783939919 True 2008 33386
692540218310803456 57435736 120 478631.13333333336 True 2007 186631
692665281362202624 578201 650 889.54 True 2007 7342
692803280238419971 9527931 560 17014.1625 True 2007 88122
693135382309896192 21778493 1114 19549.81418312388 True 2007 123570
692157602554343424 15840731 31412 504.28915701005985 True 2007 31550
693844030589902848 15840731 31412 504.28915701005985 True 2007 31550
692150118921957376 11429389 10 1142938.9 True 2008 72865
692929779696275456 57435737 120 478631.14166666666 True 2007 186631
693086478667112448 4072035 628 6484.132165605096 True 2008 34768
692550140754841603 35285531 319 110612.94984326018 True 2007 60868
692752491482615808 57435737 120 478631.14166666666 True 2007 186631
723025600810766336 11776261 115615 101.85755308567228 True 2007 35705
761573188543229952 12952292 229 56560.22707423581 True 2009 61527
764497123530375169 42875433 3 14291811.0 True 2007 139975
767807335691653120 3586600 6924 517.9953783939919 True 2008 33386
693826104633737217 6316133 339 18631.660766961653 True 2008 38773
693181857261719553 35285531 319 110612.94984326018 True 2007 60868
692820029159653377 6316133 339 18631.660766961653 True 2008 38773
692083780123783172 3446027 513 6717.401559454191 True 2007 38059
693080409282846720 47333986 1106 42797.45569620253 True 2007 145481
693858804279201794 46268497 904 51181.9657079646 True 2007 206489
693534670428971008 27771187 71 391143.4788732394 True 2007 120657
692925396292091905 6316133 339 18631.660766961653 True 2008 38773
693203974388895744 47333986 1106 42797.45569620253 True 2007 145481
666335363099660288 UNK UNK UNK UNK UNK UNK
693869818366287872 11494616 5669 2027.6267419297935 True 2008 84670
693059995013742592 UNK UNK UNK UNK UNK UNK
766752508312166402 57435739 120 478631.1583333333 True 2007 186631
686657138270277634 1196541 462 2589.9155844155844 True 2009 13794
692623941131722752 57435739 120 478631.1583333333 True 2007 186631
693546915892428800 11429389 10 1142938.9 True 2008 72865
693402634011701248 5569222 217 25664.617511520737 True 2008 51533
693456187036037123 35285531 319 110612.94984326018 True 2007 60868
765779159176077312 42875436 3 14291812.0 True 2007 139975
767129248045948929 11429389 10 1142938.9 True 2008 72865
682999206290829312 1169945 1259 929.2652899126291 True 2007 29346
761999790892806144 12952292 229 56560.22707423581 True 2009 61527
682916727282270208 3155011 1254 2515.957735247209 True 2007 33216
691285663522648065 42875437 3 14291812.333333334 True 2007 139975
692702295281262593 42875397 3 14291799.0 True 2007 139968
766715993385267201 11429389 10 1142938.9 True 2008 72865
690042063958732800 42875438 3 14291812.666666666 True 2007 139975
692890520960397312 35285531 319 110612.94984326018 True 2007 60868
687643002240679936 42875438 3 14291812.666666666 True 2007 139975
693528374996652032 18954313 269 70462.13011152417 True 2007 67257
689661418484994049 4408110 2535 1738.8994082840236 True 2008 20410
766568413418356736 42875438 3 14291812.666666666 True 2007 139975
692838430783332357 11429389 10 1142938.9 True 2008 72865
693281966846808064 47333986 1106 42797.45569620253 True 2007 145481
767859423150759936 11429389 10 1142938.9 True 2008 72865
693502060545703937 18954313 269 70462.13011152417 True 2007 67257
689860942671130624 12952292 229 56560.22707423581 True 2009 61527
692735698349199360 42875438 3 14291812.666666666 True 2007 139975
765859710503378944 42875438 3 14291812.666666666 True 2007 139975
767754921403899906 57435740 120 478631.1666666667 True 2007 186631
764906140257837056 12952292 229 56560.22707423581 True 2009 61527
687537772970684417 3155011 1254 2515.957735247209 True 2007 33216
682895395077373952 980322 2331 420.55855855855856 True 2008 37891
690106189951139840 42875438 3 14291812.666666666 True 2007 139975
693146363685642240 6316132 339 18631.657817109146 True 2008 38773
693315824132685824 1125659 465 2420.772043010753 True 2008 6685
693086218276474880 15840732 31412 504.28918884502735 True 2007 31550
767203096472719364 35285531 319 110612.94984326018 True 2007 60868
693648684857323521 11776261 115615 101.85755308567228 True 2007 35705
693818562981421056 35285535 319 110612.96238244514 True 2007 60868
693893182338289664 15840732 31412 504.28918884502735 True 2007 31550
692014905239666688 57435741 120 478631.175 True 2007 186631
688819658057740290 42875438 3 14291812.666666666 True 2007 139975
693061713042771968 27772716 71 391165.0140845071 True 2007 120661
689867195657101312 4408110 2535 1738.8994082840236 True 2008 20410
767541796410839040 UNK UNK UNK UNK UNK UNK
693571567377342466 15412338 528 29190.034090909092 True 2009 60429
693013768738115584 42875439 3 14291813.0 True 2007 139975
692743102432346113 UNK UNK UNK UNK UNK UNK
693906624776245249 12952292 229 56560.22707423581 True 2009 61527
688428083540553728 4408110 2535 1738.8994082840236 True 2008 20410
688741019979001856 42875439 3 14291813.0 True 2007 139975
692516224245235712 12952292 229 56560.22707423581 True 2009 61527
692106491365605376 1795949 964 1863.0176348547718 True 2008 20699
767459987476054016 35285531 319 110612.94984326018 True 2007 60868
693857080193761285 15412337 528 29190.032196969696 True 2009 60429
693651239486263296 57435742 120 478631.18333333335 True 2007 186631
692826642583019521 583969 718 813.3272980501392 True 2007 11939
693076140278153217 35285531 319 110612.94984326018 True 2007 60868
688021039322894336 42875439 3 14291813.0 True 2007 139975
692078399012130816 11429389 10 1142938.9 True 2008 72865
672553813249826816 1092053 3921 278.5138995154297 True 2007 9144
767698691205410816 18954316 269 70462.14126394052 True 2007 67257
723198441690636288 11776261 115615 101.85755308567228 True 2007 35705
692758050378256388 6316132 339 18631.657817109146 True 2008 38773
644329878876237824 565584 13 43506.46153846154 True 2010 8553
688752927381581824 12952292 229 56560.22707423581 True 2009 61527
767814876433571840 18954316 269 70462.14126394052 True 2007 67257
687409983139495939 583969 718 813.3272980501392 True 2007 11939
682996350909157376 772536 236 3273.4576271186443 True 2008 12785
765359928361922560 3446027 513 6717.401559454191 True 2007 38059
692630756548591616 42875440 3 14291813.333333334 True 2007 139975
692797856386777089 35285538 319 110612.97178683386 True 2007 60868
693771953648373760 24647778 125 197182.224 True 2007 115829
762793077509464064 12952292 229 56560.22707423581 True 2009 61527
692911086920667136 35285531 319 110612.94984326018 True 2007 60868
690376107825192960 12952292 229 56560.22707423581 True 2009 61527
686666933949837312 3155011 1254 2515.957735247209 True 2007 33216
693641113693884416 35285539 319 110612.9749216301 True 2007 60868
544324444773433348 9787482 2753 3555.205957137668 True 2007 126059
524941132237910016 1630 2059 0.7916464303059738 True 2009 81
544271284796784640 UNK UNK UNK UNK UNK UNK
525028734991343617 1915240 369 5190.3523035230355 True 2009 6922
524947674164760577 UNK UNK UNK UNK UNK UNK
615840865815298048 108938 45194 2.410452714962163 False 2015 872
614594259900080128 3726933 265 14063.898113207548 True 2007 27693
524936872666353664 1285531 409 3143.107579462103 True 2009 9035
641972184412327937 229322 109369 2.0967733087072205 False 2012 1409
524925215235911680 1836034 586 3133.1638225255974 True 2007 14505
524952883343925249 42875443 3 14291814.333333334 True 2007 139975
676367888543031296 206294 2362 87.33869602032176 True 2008 6504
524925050739490816 2908889 1171 2484.1067463706236 True 2007 15237
544518335019229184 7042 2025 3.4775308641975307 False 2012 246
524962142563610625 1162 728 1.5961538461538463 False 2012 42
649903655160815616 47334002 1106 42797.47016274864 True 2007 145481
614618682543616000 3446027 513 6717.401559454191 True 2007 38059
544269749405097984 540874 4280 126.37242990654205 True 2008 3597
614607711368519680 1125659 465 2420.772043010753 True 2008 6685
544512108885725184 119888 242 495.40495867768595 True 2010 1096
553587303172833280 57435746 120 478631.2166666667 True 2007 186631
544382892378714113 1352731 4778 283.11657597321056 True 2012 13067
544319832486064128 14003020 7037 1989.9133153332386 True 2009 98166
544358564484378624 15412339 528 29190.035984848484 True 2009 60429
614608936491188225 3224462 2759 1168.70677781805 True 2008 22619
544291965513134080 31002 1804 17.185144124168513 True 2009 388
641082932740947972 46268499 904 51181.967920353985 True 2007 206490
500378223977721856 548794 3755 146.15019973368842 True 2008 4923
614594667225571328 144607 42920 3.3692218080149114 True 2012 1572
544314234541469696 9787482 2753 3555.205957137668 True 2007 126059
544380742076088320 13420 1120 11.982142857142858 True 2009 178
553590835850514433 5938544 28 212090.85714285713 True 2007 26679
553587672137334785 4028529 3 1342843.0 True 2009 21351
544512676643500033 461724 15492 29.804027885360185 True 2008 4444
675490515748425728 622256 430 1447.106976744186 False 2011 1034
614609560658161664 141473 249 568.1646586345381 True 2008 4238
544291804057960448 UNK UNK UNK UNK UNK UNK
681147789653356544 5410043 908 5958.1971365638765 True 2008 22143
615689290706595840 2236158 97 23053.17525773196 True 2009 3138
552802654641225728 114262 446 256.19282511210764 True 2014 1902
553534838880608256 1849385 675 2739.82962962963 True 2011 22879
524959809402331137 57435748 120 478631.23333333334 True 2007 186631
544517264054423552 119888 242 495.40495867768595 True 2010 1096
544491151118860289 235445 8273 28.45944639187719 False 2011 3923
553476880339599360 3076570 627 4906.8102073365235 True 2009 23033
544374511194632192 15412339 528 29190.035984848484 True 2009 60429
614620298877513729 15412339 528 29190.035984848484 True 2009 60429
498430783699554305 290163 950 305.4347368421053 True 2009 3968
544271362022338560 2821 1620 1.741358024691358 True 2010 73
553512735192141826 4028529 3 1342843.0 True 2009 21351
614650850393391104 14344 3628 3.9536934950385887 False 2013 210
552785375161499649 3194006 1146 2787.0907504363004 True 2008 24608
553506608203169792 42875447 3 14291815.666666666 True 2007 139975
614599587362414592 27082 4106 6.5957135898684855 True 2009 1046
667487418388488192 254176 67 3793.6716417910447 True 2008 5051
614891047886434304 1797134 661 2718.810892586989 True 2008 32533
615592870540488704 464593 3 154864.33333333334 False 2011 283
614610920782888960 257053 207 1241.8019323671497 True 2008 3159
553160652567498752 15412343 528 29190.04356060606 True 2009 60429
544305540286148609 23664 676 35.005917159763314 True 2013 442
553566026030272512 15412339 528 29190.035984848484 True 2009 60429
553107921081749504 7508293 1823 4118.646736149205 True 2008 44751
614604054552018944 UNK UNK UNK UNK UNK UNK
553544694765215745 22184 1095 20.259360730593606 True 2007 423
524932935137628160 855424 1027 832.9347614410906 True 2009 10957
544513524438155264 3155012 1254 2515.9585326953747 True 2007 33216
553586897168392192 246612 1152 214.07291666666666 True 2009 5505
544290258951892992 17631546 907 19439.41124586549 True 2007 116990
552805488631758849 57435748 120 478631.23333333334 True 2007 186631
553590459688570880 136691 341 400.8533724340176 True 2012 3641
544329935943237632 UNK UNK UNK UNK UNK UNK
552811386259386370 17631546 907 19439.41124586549 True 2007 116990
544319274072817664 UNK UNK UNK UNK UNK UNK
668849913678209024 254176 67 3793.6716417910447 True 2008 5051
614671961801785344 4152045 1505 2758.8338870431894 True 2007 41082
524935485370929152 389462 4278 91.03833567087425 True 2009 6315
642465192408940544 323049 8127 39.750092284976006 False 2010 2120
614702244001382400 4152045 1505 2758.8338870431894 True 2007 41082
553535829017370625 3361670 453 7420.905077262693 True 2007 10910
667073349974102017 18732 312 60.03846153846154 False 2011 663
544268732046913536 461724 15492 29.804027885360185 True 2008 4444
544282227035869184 235445 8273 28.45944639187719 False 2011 3923
524925987239120897 200852 304 660.6973684210526 True 2009 3154
614593989203886080 45080 956 47.15481171548117 True 2009 540
544301453717041152 235445 8273 28.45944639187719 False 2011 3923
552792913910833152 3361670 453 7420.905077262693 True 2007 10910
619242759359037440 1759300 1747 1007.0406410990269 False 2012 1629
614601139422633984 1425786 456 3126.7236842105262 True 2009 10847
544289311504355328 UNK UNK UNK UNK UNK UNK
580348081100734464 42875451 3 14291817.0 True 2007 139975
616765822095261700 23891272 81 294953.97530864197 True 2008 65583
628319096606732290 6583956 2907 2264.8627450980393 True 2007 23940
553543369604210689 UNK UNK UNK UNK UNK UNK
614599619310407680 18954325 269 70462.17472118959 True 2007 67257
614615157730357248 3726935 265 14063.905660377359 True 2007 27693
553508098825261056 7508292 1823 4118.6461876028525 True 2008 44751
580324027715063808 965471 168 5746.851190476191 True 2009 5290
628336948810268673 265411 1087 244.16835326586937 True 2012 1263
525056576038518785 2862956 748 3827.48128342246 True 2008 18553
544289941996326912 717465 545 1316.4495412844037 True 2007 5912
544399927045283840 42875452 3 14291817.333333334 True 2007 139975
552832817089236992 35064 265 132.31698113207548 True 2011 1346
553221600955621376 UNK UNK UNK UNK UNK UNK
524969201102901248 1915240 369 5190.3523035230355 True 2009 6922
525049639016615937 23419 124 188.86290322580646 True 2009 218
614790312955904000 17030376 495 34404.8 True 2008 104246
544511199702822913 335163 213 1573.5352112676057 True 2010 1556
628681462976528384 7509968 513 14639.313840155946 True 2008 52551
614595181845839873 21670 1772 12.229119638826186 True 2009 800
524923676484177920 39253 4016 9.774153386454183 True 2009 681
616481759329427456 9787482 2753 3555.205957137668 True 2007 126059
544352727971954690 9527931 560 17014.1625 True 2007 88122
544278335455776769 1849385 675 2739.82962962963 True 2011 22879
614617234942656512 2055720 2364 869.5939086294417 True 2008 23370
623533663947517952 UNK UNK UNK UNK UNK UNK
614628136634949632 511872 11565 44.260440985732814 False 2009 3750
525060425184858112 57435747 120 478631.225 True 2007 186631
544515538383564801 102433 2255 45.42483370288248 True 2009 1977
544514564407427072 23664 676 35.005917159763314 True 2013 442
650037735579910145 268205 422 635.5568720379147 True 2008 2284
614616994499788800 UNK UNK UNK UNK UNK UNK
525023025792835585 66306 32015 2.0710916757769797 True 2008 948
524931324763992064 UNK UNK UNK UNK UNK UNK
614648099542204416 3446026 513 6717.399610136452 True 2007 38059
544512664769396736 3076570 627 4906.8102073365235 True 2009 23033
650128194209730561 46268507 904 51181.976769911504 True 2007 206490
524943490887991296 232996 484 481.39669421487605 True 2009 2445
544278985249550337 123945 3834 32.327856025039125 True 2009 1366
614638036593299456 3446026 513 6717.399610136452 True 2007 38059
524923462398513152 12694 2970 4.274074074074074 True 2011 426
525058976376193024 UNK UNK UNK UNK UNK UNK
674263945172119552 6316132 339 18631.657817109146 True 2008 38773
544289409294553088 116063 3529 32.88835364125815 True 2009 2458
614624331717545984 357231 1425 250.68842105263158 True 2009 4233
525025463648137216 1915240 369 5190.3523035230355 True 2009 6922
616311563071434753 158459 260 609.4576923076924 True 2009 1757
628604055644934144 5834 934 6.2462526766595285 True 2010 109
524980744658382848 1285533 409 3143.1124694376526 True 2009 9035
650046859537448960 46268508 904 51181.9778761062 True 2007 206490
640967537178472448 2439265 258967 9.41921171423386 True 2008 18996
544391533240516608 6122051 246 24886.386178861787 True 2007 53721
544350567183556608 19575 1996 9.807114228456914 True 2009 494
553476490315431937 2522385 2310 1091.9415584415585 True 2008 13998
524942470472548352 14918 1182 12.62098138747885 True 2009 312
552806757672964097 4072039 628 6484.138535031847 True 2008 34768
614494460747997184 UNK UNK UNK UNK UNK UNK
552984502063337472 1849385 675 2739.82962962963 True 2011 22879
524975705206304769 1285533 409 3143.1124694376526 True 2009 9035
649974380416618496 21778501 1114 19549.821364452422 True 2007 123571
524965775036387329 22361 1268 17.634858044164037 True 2010 196
614494170590367744 UNK UNK UNK UNK UNK UNK
614626710248534016 3446026 513 6717.399610136452 True 2007 38059
614614133410033664 7508294 1823 4118.647284695557 True 2008 44751
553586860334010368 455562 275 1656.5890909090908 True 2013 1470
553588178687655936 11494615 5669 2027.6265655318398 True 2008 84670
524926235030589440 235445 8273 28.45944639187719 False 2011 3923
674358835675549696 6316132 339 18631.657817109146 True 2008 38773
525068915068923904 16448 1284 12.809968847352025 False 2008 272
544520042810200064 110373 7053 15.649085495533816 False 2011 134
524922729485848576 UNK UNK UNK UNK UNK UNK
544476808566276097 5938547 28 212090.9642857143 True 2007 26679
553531413459660800 4028531 3 1342843.6666666667 True 2009 21351
544391176137089024 10376209 370 28043.808108108107 True 2007 41730
553558982476828674 36983 1626 22.744772447724475 True 2011 976
614599815280857088 319514 1547 206.53781512605042 True 2009 4316
632377165477191680 UNK UNK UNK UNK UNK UNK
656870311057575936 15946772 5295 3011.6661000944287 True 2009 59076
672513234419638273 15412345 528 29190.047348484848 True 2009 60429
647169726158925824 3341198 345 9684.631884057972 True 2008 17552
641088973717110784 390 671 0.5812220566318927 False 2010 28
642027433693171712 3341198 345 9684.631884057972 True 2008 17552
626516248206135296 1352732 4778 283.1167852658016 True 2012 13067
629209452793626624 10492 334 31.41317365269461 False 2013 9
662151653462790144 UNK UNK UNK UNK UNK UNK
659439879701602304 62164 311 199.88424437299037 False 2013 587
640107106943766528 4565 754 6.054376657824934 True 2010 217
647168914955243520 23571 4991 4.722700861550791 True 2009 888
613023744454475776 3341197 345 9684.628985507246 True 2008 17552
626642648179159040 6583957 2907 2264.8630890952873 True 2007 23940
615346611955183616 UNK UNK UNK UNK UNK UNK
666810213274689537 1205125 4203 286.72971686890315 True 2007 8931
676094756758364160 2527808 1 2527808.0 False 2007 8237
626898253900943360 UNK UNK UNK UNK UNK UNK
647169573599449088 235445 8273 28.45944639187719 False 2011 3923
637873886072320001 47334016 1106 42797.48282097649 True 2007 145481
651825062174195712 7394588 1931 3829.408596582082 True 2010 19267
674187250792558592 29227 3270 8.937920489296635 False 2010 872
675193315306905600 3076570 627 4906.8102073365235 True 2009 23033
668872645589471232 2527808 1 2527808.0 False 2007 8237
669613420665159680 254176 67 3793.6716417910447 True 2008 5051
618805892222468096 1133150 971 1166.9927909371781 True 2011 4359
645362146415525888 UNK UNK UNK UNK UNK UNK
643103859729166337 766496 1017 753.6833824975417 True 2011 5245
674364257799004160 UNK UNK UNK UNK UNK UNK
666190716448587776 91367 14505 6.2990003447087215 False 2013 564
634404792241143809 11429389 10 1142938.9 True 2008 72865
631388553801564160 50651 23534 2.152247811676723 False 2014 141
672219174463275008 15412346 528 29190.049242424244 True 2009 60429
667534186450825216 UNK UNK UNK UNK UNK UNK
676120162018451456 UNK UNK UNK UNK UNK UNK
674229534888185856 2862957 748 3827.4826203208554 True 2008 18553
672902686380003328 UNK UNK UNK UNK UNK UNK
666070802924617728 UNK UNK UNK UNK UNK UNK
674244561519161344 9787483 2753 3555.2063203777698 True 2007 126059
655080266784968705 47334036 1106 42797.50090415913 True 2007 145481
633823543541768192 UNK UNK UNK UNK UNK UNK
642145732435292160 47334021 1106 42797.487341772154 True 2007 145481
668144671772778497 761646 1214 627.3855024711697 True 2007 11433
620367840902782976 169681 11954 14.194495566337627 False 2012 653
636925368927064064 254176 67 3793.6716417910447 True 2008 5051
673615400655970304 UNK UNK UNK UNK UNK UNK
656830586577883136 15412346 528 29190.049242424244 True 2009 60429
658786161733734400 UNK UNK UNK UNK UNK UNK
672632899921833984 129093 49630 2.6011082006850694 False 2012 770
666497286663503872 4072039 628 6484.138535031847 True 2008 34768
658065957823324160 UNK UNK UNK UNK UNK UNK
663925546812837888 10733 20 536.65 False 2008 546
673079581520318464 1865496 24 77729.0 False 2011 5066
651959206287908868 2196535 729 3013.079561042524 True 2008 10937
612646796355960832 1108740 360 3079.8333333333335 True 2010 10781
661120256732041216 7459 4936 1.5111426256077796 False 2011 161
623818627054206977 UNK UNK UNK UNK UNK UNK
654343805081157633 54 36 1.5 False 2011 1
665575674485211136 250238 251452 0.9951720407871085 False 2009 1128
626901072209121282 UNK UNK UNK UNK UNK UNK
613425834301485056 545908 14343 38.06093564805131 True 2009 6356
656825206045020160 7509970 513 14639.317738791424 True 2008 52551
655986243042459648 2527810 1 2527810.0 False 2007 8237
642432477185867776 729954 30 24331.8 False 2012 1354
637382230394822656 243530 201080 1.211110005967774 False 2009 3236
640644123339431936 UNK UNK UNK UNK UNK UNK
656818921979310081 69823 1694 41.217827626918535 True 2010 983
661299012386095105 9787482 2753 3555.205957137668 True 2007 126059
654371696195993600 UNK UNK UNK UNK UNK UNK
666633171325353989 27772732 71 391165.23943661974 True 2007 120661
647193820812177408 7509971 513 14639.319688109163 True 2008 52551
656047932093763584 57435754 120 478631.2833333333 True 2007 186631
644229386149888001 11217 13061 0.8588163234055586 False 2008 139
665379967757324288 17346 12280 1.4125407166123778 False 2009 228
674301960787505153 10036 160 62.725 False 2014 98
618192748735299584 1092054 213 5127.014084507042 False 2010 2585
673872171341447169 113919 3963 28.74564723694171 True 2012 2540
672180526946656256 82985 839 98.90941597139452 True 2007 2904
674314254732931072 3341199 345 9684.634782608695 True 2008 17552
661222523275636736 113164 159493 0.7095233019630955 False 2015 365
634943791934406657 42292 28853 1.4657747894499706 False 2011 565
665364878287224834 163924 2303 71.17846287451151 False 2012 1453
633961125126668288 3341198 345 9684.631884057972 True 2008 17552
651321040119963648 UNK UNK UNK UNK UNK UNK
634665777400950784 UNK UNK UNK UNK UNK UNK
613114185505996802 14003026 7037 1989.914167969305 True 2009 98166
638050997340893184 47334034 1106 42797.49909584087 True 2007 145481
626897206717624320 UNK UNK UNK UNK UNK UNK
613061089518034944 408731 2058 198.60592808551993 True 2011 1257
671181758692507648 144607 42920 3.3692218080149114 True 2012 1572
675043569367982081 388535 1977 196.5275670207385 True 2008 8543
663904307113275392 10376218 370 28043.83243243243 True 2007 41730
637868242560638980 27282 4988 5.469526864474739 False 2015 134
648894687542034432 UNK UNK UNK UNK UNK UNK
656955120626880512 UNK UNK UNK UNK UNK UNK
673984270902427650 2128 1713 1.2422650321074138 False 2010 185
633949800761700352 3341198 345 9684.631884057972 True 2008 17552
648310692794109952 2527809 1 2527809.0 False 2007 8237
661251968078221312 UNK UNK UNK UNK UNK UNK
620916279608651776 UNK UNK UNK UNK UNK UNK
645711628046995462 6527 3808 1.7140231092436975 False 2012 102
645356735545364480 11378 32 355.5625 False 2015 2
667465205258051584 67454 59851 1.127032129788976 False 2012 282
663515735231062016 10772 3034 3.5504284772577455 False 2015 103
669201837187334144 2527809 1 2527809.0 False 2007 8237
622858454949040128 91815 996 92.18373493975903 True 2009 1447
643225207705075716 11234 5191 2.1641302253900982 False 2015 148
672906198434209792 15412346 528 29190.049242424244 True 2009 60430
672488384695279616 64277 64204 1.0011370008099183 False 2012 201
612741808125120513 503761 2 251880.5 True 2014 2503
660466342038867969 4796 671 7.147540983606557 False 2015 54
652992524504600576 UNK UNK UNK UNK UNK UNK
651402689352351744 11234007 94725 118.59600950118765 True 2006 27770
618449248179191808 UNK UNK UNK UNK UNK UNK
643139873264812032 UNK UNK UNK UNK UNK UNK
641430951403343872 993039 3783 262.5003965107058 False 2012 2298
672432930426372096 136021 114010 1.1930620121042015 False 2009 940
627828211003469825 6583958 2907 2264.863433092535 True 2007 23940
663385747177775105 2527809 1 2527809.0 False 2007 8237
620835698514464768 UNK UNK UNK UNK UNK UNK
654351281260113920 28 55 0.509090909090909 False 2013 0
665361505303584774 12127 12268 0.9885066840560809 False 2008 279
677099574855639044 15412349 528 29190.054924242424 True 2009 60430
652882609219833856 47334038 1106 42797.5027124774 True 2007 145481
681767380305985536 9787482 2753 3555.205957137668 True 2007 126059
629503919098429440 571 357 1.5994397759103642 False 2013 0
612841482823729152 144607 42920 3.3692218080149114 True 2012 1572
661102820976930816 43647 9 4849.666666666667 False 2011 830
656202544331517952 658851 8029 82.05891144600822 True 2007 11168
673664899571060736 113919 3963 28.74564723694171 True 2012 2540
604354747357859842 UNK UNK UNK UNK UNK UNK
613393657161510913 1125658 465 2420.7698924731185 True 2008 6685
675065047710892033 514090 1998 257.3023023023023 True 2008 3750
600451916414484480 15501 25 620.04 False 2013 92
612438528803213312 5069 1445 3.5079584775086503 False 2007 206
661870323034431489 1845 2954 0.6245768449559919 False 2009 53
672169954016403456 15412347 528 29190.051136363636 True 2009 60430
673615263040798726 668451 2779 240.53652392947103 True 2012 3972
594687353937100801 UNK UNK UNK UNK UNK UNK
656662726014599168 24647787 125 197182.296 True 2007 115829
635632641635667968 2908896 1171 2484.1127241673785 True 2007 15237
673581371458199552 221031 4194 52.701716738197426 True 2009 994
674015148382666752 UNK UNK UNK UNK UNK UNK
667379734343471104 UNK UNK UNK UNK UNK UNK
656834590779289600 398308 1409 282.6884315117104 True 2010 4785
661229627734667264 209934 3943 53.2422013695156 True 2008 5506
663722803489808384 9787481 2753 3555.2055938975664 True 2007 126059
672828403016429568 UNK UNK UNK UNK UNK UNK
659428447459110912 64259 188 341.8031914893617 False 2012 546
673611867181473792 24674 2055 12.006812652068126 True 2010 631
658462819667615744 UNK UNK UNK UNK UNK UNK
656629493377990656 UNK UNK UNK UNK UNK UNK
666107476526432256 UNK UNK UNK UNK UNK UNK
613194145423826944 721031 687 1049.5356622998545 True 2007 7344
641443248909754368 9787481 2753 3555.2055938975664 True 2007 126059
622891631293935616 188920 28625 6.599825327510917 False 2009 1306
666640008149925893 103961 6686 15.54905773257553 True 2007 4896
673696115305406466 78120 163 479.2638036809816 True 2010 78
618804516578680832 47334054 1106 42797.51717902351 True 2007 145482
674080899055546368 9196 988 9.307692307692308 False 2011 390
641050980985999360 UNK UNK UNK UNK UNK UNK
626546123713474560 6583958 2907 2264.863433092535 True 2007 23940
673346166822694914 UNK UNK UNK UNK UNK UNK
641191076716417025 UNK UNK UNK UNK UNK UNK
626739062792032256 6583958 2907 2264.863433092535 True 2007 23940
714555825122107392 1775 3823 0.4642950562385561 False 2009 116
722885778448121857 254176 67 3793.6716417910447 True 2008 5051
651786568592658433 14729 222 66.34684684684684 True 2010 219
663744139666804736 117467 80988 1.4504247542845854 True 2013 1685
748558349139058688 101583 7030 14.449928876244666 False 2011 620
724320681517670400 18954339 269 70462.22676579926 True 2007 67258
653432261203750912 5964286 3901 1528.9120738272238 True 2008 21577
742678930516123650 UNK UNK UNK UNK UNK UNK
727172374999666688 2246153 1182 1900.2986463620982 True 2010 13212
743126914794037248 29709 5 5941.8 False 2013 39
715256242990505984 3248232 691 4700.76989869754 True 2007 24783
752965545528528898 7476927 1719 4349.579406631763 True 2008 32001
752875379765968897 16677 17255 0.9665024630541872 False 2007 800
715254040289021952 209934 3943 53.2422013695156 True 2008 5506
707405809181917184 3726933 265 14063.898113207548 True 2007 27693
714598641827246081 223683 981 228.01529051987768 True 2009 2201
707412869860696064 3726933 265 14063.898113207548 True 2007 27693
701872343736520704 11815729 1460 8092.96506849315 True 2010 22463
726086935903494144 668451 2779 240.53652392947103 True 2012 3972
701539698452393986 46268523 904 51181.99446902655 True 2007 206490
707321278135463936 217944 2323 93.82006026689625 True 2008 5301
727966590084485120 11494616 5669 2027.6267419297935 True 2008 84670
724348906096590849 18954340 269 70462.23048327137 True 2007 67258
778949749156245504 UNK UNK UNK UNK UNK UNK
755439197125767169 14003026 7037 1989.914167969305 True 2009 98166
760120409429643266 2236164 97 23053.23711340206 True 2009 3139
649584608560832513 241629 1201 201.18984179850125 True 2010 2378
727854332188577792 UNK UNK UNK UNK UNK UNK
748543642323783681 UNK UNK UNK UNK UNK UNK
780436430732525569 28105 826 34.02542372881356 True 2008 489
764931593303646208 263425 1835 143.5558583106267 True 2011 3291
732981604826677249 17030377 495 34404.80202020202 True 2008 104246
714577521992343552 7136 756 9.43915343915344 False 2010 240
707420972173955072 1635594 11633 140.59950141837874 True 2008 19097
749286768554438658 47334050 1106 42797.51356238698 True 2007 145483
724703995147751424 4072039 628 6484.138535031847 True 2008 34768
714560810266132480 1814787 199 9119.532663316582 True 2008 16587
714503380476026880 10958 165 66.4121212121212 False 2009 256
728627623488786433 375307 205 1830.7658536585366 False 2011 739
727179214546456577 1326014 114 11631.701754385966 True 2012 9593
707305999971921920 323149 201621 1.6027546733723175 False 2013 1082
711994705333112832 905790 3052 296.7857142857143 True 2009 15637
728273551883534336 252653 18 14036.277777777777 False 2013 154
749039299677417472 UNK UNK UNK UNK UNK UNK
723504069814444033 315248 972 324.3292181069959 True 2010 2531
730516765525082112 254176 67 3793.6716417910447 True 2008 5051
723644048867774464 4067040 977 4162.784032753327 True 2008 15039
703234354579898368 169681 11954 14.194495566337627 False 2012 653
705093513076015104 235445 8273 28.45944639187719 False 2011 3923
779633844680962048 UNK UNK UNK UNK UNK UNK
656361703664451585 19361 1666 11.62124849939976 True 2011 365
652982112870662144 11494616 5669 2027.6267419297935 True 2008 84670
755548076438196225 UNK UNK UNK UNK UNK UNK
765739657908850688 48323 1360 35.53161764705882 True 2011 1226
716416753409081344 51941 24479 2.1218595530863187 False 2009 1926
763524712853102596 108032 97682 1.1059560615057022 False 2010 403
717081129627553792 UNK UNK UNK UNK UNK UNK
725070832494624769 241698 31885 7.58030421828446 True 2011 3236
763430916236640256 12767 4644 2.7491386735572783 False 2016 28
777710439870455808 UNK UNK UNK UNK UNK UNK
728013148788154368 255839 16436 15.56577026040399 True 2007 3310
755523157700648960 121607 1272 95.60298742138365 False 2015 104
732004388181434368 1014294 155 6543.832258064516 True 2009 10150
715268937873760256 11494616 5669 2027.6267419297935 True 2008 84670
774833492865593344 25671 1282 20.02418096723869 False 2015 106
712223438698627073 905790 3052 296.7857142857143 True 2009 15637
724939017410727938 UNK UNK UNK UNK UNK UNK
707786906189303808 13504 6 2250.6666666666665 False 2016 23
764368020391223296 12767 4644 2.7491386735572783 False 2016 28
757450526153900032 405143 417 971.5659472422062 True 2007 5404
757190314880884736 49817 4373 11.39195060599131 False 2012 768
716424773216022530 UNK UNK UNK UNK UNK UNK
653285570383335424 215191 4907 43.85388220908906 True 2014 258
701514249269542912 46268524 904 51181.99557522124 True 2007 206490
731093044460683264 15538104 1657 9377.250452625227 True 2007 96039
724044187113512960 4067040 977 4162.784032753327 True 2008 15039
656523458139045889 UNK UNK UNK UNK UNK UNK
714598318333042688 UNK UNK UNK UNK UNK UNK
706933939953344514 23936 12793 1.8710232158211522 False 2014 414
640182854928961536 3194011 1146 2787.0951134380452 True 2008 24608
715253497462145024 1007498 474 2125.5232067510547 True 2007 11185
658938136299511808 2862957 748 3827.4826203208554 True 2008 18553
726190016435728385 1326014 114 11631.701754385966 True 2012 9593
724603564946010112 1326014 114 11631.701754385966 True 2012 9593
745236050407194624 382445 769 497.32769830949286 True 2010 5318
727982226290442240 1016701 2774 366.5108147080029 True 2009 5485
705092738224525312 235445 8273 28.45944639187719 False 2011 3923
648993731169939456 2196536 729 3013.0809327846364 True 2008 10937
640118021101604864 2920840 282 10357.588652482269 True 2009 33105
650254360727973889 52730 1738 30.339470655926352 False 2009 787
742571519105077248 UNK UNK UNK UNK UNK UNK
728101712762834944 139 153 0.9084967320261438 False 2013 0
652000523525091328 2862957 748 3827.4826203208554 True 2008 18553
755475529294352385 13192 8710 1.5145809414466131 False 2015 146
724624672604610562 7312 2271 3.219726992514311 False 2010 77
723915846985342976 4067040 977 4162.784032753327 True 2008 15039
733242244522725376 78306 38188 2.05053943647219 False 2013 588
651486105628463105 13835 99 139.74747474747474 True 2011 65
775672628493357057 2138746 2061 1037.7224648229014 True 2009 5615
716448280201269248 9023 4254 2.121062529384109 False 2015 92
759460236042305536 1062611 11677 91.00034255373812 True 2008 9913
766808183696351233 UNK UNK UNK UNK UNK UNK
707332312724283392 429583 16798 25.573461126324563 True 2011 2765
651044059222556674 104754 981 106.78287461773701 True 2010 1302
728207861050970112 426163 52 8195.442307692309 False 2011 3113
707604196812591104 235445 8273 28.45944639187719 False 2011 3923
727116900983934976 126929 14586 8.702111613876319 True 2008 2314
756690088533393409 1797136 661 2718.813918305598 True 2008 32533
723365789378584578 1734823 509 3408.296660117878 True 2009 4222
741995157969592321 UNK UNK UNK UNK UNK UNK
724661834419048448 1133 369 3.0704607046070462 False 2012 44
765887221736046592 UNK UNK UNK UNK UNK UNK
701175292937707520 UNK UNK UNK UNK UNK UNK
650710483289419776 518590 2 259295.0 False 2012 2483
652349108653551616 11494618 5669 2027.6270947257012 True 2008 84670
723511860516016128 545909 14343 38.06100536847242 True 2009 6356
715255507506892800 1007498 474 2125.5232067510547 True 2007 11185
726043971911213057 1326014 114 11631.701754385966 True 2012 9593
728631482722308096 668445 2776 240.7943083573487 True 2012 3972
778572032531427332 209934 3943 53.2422013695156 True 2008 5506
714811995573325828 UNK UNK UNK UNK UNK UNK
742114513726623744 254176 67 3793.6716417910447 True 2008 5051
757367391202471937 1797136 661 2718.813918305598 True 2008 32533
728625967921401856 665268 30364 21.9097615597418 True 2007 11632
757748522481491968 188782 82780 2.280526697269872 False 2011 1129
654336219447472128 11588 331 35.00906344410876 False 2013 41
740748123581087745 28756 7228 3.9784172661870505 True 2009 1083
655815788675399680 31272 9 3474.6666666666665 False 2014 75
651809229842608128 6048 4665 1.2964630225080387 False 2009 161
707300612862566400 641955 9584 66.98194908180301 True 2009 7534
747275598347837440 UNK UNK UNK UNK UNK UNK
655432919595548672 65780 1697 38.762522097819684 False 2014 216
742012307694223361 241698 31885 7.58030421828446 True 2011 3236
747443219487678464 241698 31885 7.58030421828446 True 2011 3236
751856580874960897 3816 1183 3.2256973795435333 False 2010 72
763428684850094080 UNK UNK UNK UNK UNK UNK
676586804242309121 1635594 11633 140.59950141837874 True 2008 19097
723521076446142465 766385 1274 601.5580847723705 True 2009 2075
756282236375277568 1797136 661 2718.813918305598 True 2008 32533
706665777332621314 1067522 123191 8.66558433651809 True 2008 14696
725174535897620481 186809 57268 3.2620136900188585 False 2009 447
727834854931435522 2138746 2061 1037.7224648229014 True 2009 5615
716457799392342018 11075 12197 0.9080101664343692 False 2015 128
731166399389962242 UNK UNK UNK UNK UNK UNK
715264793737879553 17030380 495 34404.80808080808 True 2008 104246
755447443009916929 721031 687 1049.5356622998545 True 2007 7344
727588444000526336 UNK UNK UNK UNK UNK UNK
744390771869102080 UNK UNK UNK UNK UNK UNK
742055437932040193 UNK UNK UNK UNK UNK UNK
716439952922312704 56759 1969 28.826307770441847 False 2015 482
650952376954650629 148794 3809 39.0637962719874 True 2009 1920
758825535480864769 UNK UNK UNK UNK UNK UNK
714755546285477888 225467 915 246.4120218579235 True 2011 1256
715515982584881152 1139725 715 1594.020979020979 True 2009 8693
732971411157880832 UNK UNK UNK UNK UNK UNK
745365403237376000 UNK UNK UNK UNK UNK UNK
766789709045518336 UNK UNK UNK UNK UNK UNK
716451800581279744 UNK UNK UNK UNK UNK UNK
658755852199927808 382445 769 497.32769830949286 True 2010 5318
723772395211862016 4067040 977 4162.784032753327 True 2008 15039
727187859367546880 186809 57268 3.2620136900188585 False 2009 447
