693265096278163456 15412228 528 29189.825757575756 True 2009 60425
692833140428017664 35285188 319 110611.87460815047 True 2007 60867
767092161716350980 57436665 120 478638.875 True 2007 186626
767855091109863424 18954596 269 70463.18215613383 True 2007 67260
693060960001597440 47333023 1106 42796.58499095841 True 2007 145475
693466451081060353 47333026 1106 42796.587703435805 True 2007 145475
693857551620968448 11776249 115615 101.85744929291182 True 2007 35705
693321561542127616 57436665 120 478638.875 True 2007 186626
688366079396163584 42877203 3 14292401.0 True 2007 139971
687748306571804672 11776249 115615 101.85744929291182 True 2007 35705
692874200927698945 9527895 560 17014.098214285714 True 2007 88124
692884886374318081 35285188 319 110611.87460815047 True 2007 60867
692410832307818497 4152115 1505 2758.8803986710964 True 2007 41081
681824512120324096 1196542 462 2589.917748917749 True 2009 13794
693119705469587456 15412229 528 29189.827651515152 True 2009 60425
693471161313816576 15537840 1657 9377.091128545564 True 2007 96033
693129259334909952 11429361 10 1142936.1 True 2008 72864
693811101146963968 4152115 1505 2758.8803986710964 True 2007 41081
763964234774347776 1795943 964 1863.0114107883817 True 2008 20700
691719802499432448 578204 650 889.5446153846154 True 2007 7342
689938201193115648 12952456 229 56560.94323144105 True 2009 61526
656848877463560192 191115 222 860.8783783783783 True 2008 4568
681199637387149313 1111225 2358 471.25742154368106 True 2007 14462
766541461189832704 42877204 3 14292401.333333334 True 2007 139971
691608761128067072 4408111 2535 1738.8998027613413 True 2008 20410
691632238035886081 42877205 3 14292401.666666666 True 2007 139971
688446106943008768 11776249 115615 101.85744929291182 True 2007 35705
687984820815851521 11776249 115615 101.85744929291182 True 2007 35705
641666167992647681 2510087 22017 114.00676749784257 True 2007 30796
693843042546106369 12952456 229 56560.94323144105 True 2009 61526
767861179951648768 18954596 269 70463.18215613383 True 2007 67260
767710042816602112 18954596 269 70463.18215613383 True 2007 67260
692748411481780224 42877206 3 14292402.0 True 2007 139971
693573781730783232 35285188 319 110611.87460815047 True 2007 60867
693466724822323200 7509913 513 14639.206627680313 True 2008 52548
689267711856263168 42877206 3 14292402.0 True 2007 139971
692753210692476928 42877207 3 14292402.333333334 True 2007 139971
693441093048766464 35285188 319 110611.87460815047 True 2007 60867
693200309955469312 6316119 339 18631.619469026547 True 2008 38773
693476774462820352 21778883 1114 19550.164272890484 True 2007 123562
692796451987034113 11429361 10 1142936.1 True 2008 72864
693140340367187969 35285188 319 110611.87460815047 True 2007 60867
690680149164085248 42877207 3 14292402.333333334 True 2007 139971
692071267189395457 12952456 229 56560.94323144105 True 2009 61526
692940257134653441 35285189 319 110611.87774294672 True 2007 60867
693586539562037248 35285189 319 110611.87774294672 True 2007 60867
692758581494599681 57436666 120 478638.88333333336 True 2007 186626
767709416879644672 46268140 904 51181.570796460175 True 2007 206486
765612862681255936 1092051 3921 278.51338944146903 True 2007 9144
693853310479155200 11494586 5669 2027.62144999118 True 2008 84669
691678576018657281 1125656 465 2420.7655913978497 True 2008 6686
693648675772436480 2169699 1175 1846.5523404255318 True 2009 11967
691995324752252930 11429361 10 1142936.1 True 2008 72864
766822417712963584 11776249 115615 101.85744929291182 True 2007 35705
692845716826300418 12952456 229 56560.94323144105 True 2009 61526
692082592380751874 15840674 31412 504.28734241691075 True 2007 31550
693041285087756288 27772429 71 391160.9718309859 True 2007 120665
766323684076322816 57436667 120 478638.89166666666 True 2007 186626
691789524498845699 9527895 560 17014.098214285714 True 2007 88124
693171092555431936 3586616 6924 517.9976891969959 True 2008 33384
692540218310803456 57436666 120 478638.88333333336 True 2007 186626
692665281362202624 578204 650 889.5446153846154 True 2007 7342
692803280238419971 9527895 560 17014.098214285714 True 2007 88124
693135382309896192 21778883 1114 19550.164272890484 True 2007 123562
692157602554343424 15840674 31412 504.28734241691075 True 2007 31550
693844030589902848 15840674 31412 504.28734241691075 True 2007 31550
692150118921957376 11429361 10 1142936.1 True 2008 72864
692929779696275456 57436667 120 478638.89166666666 True 2007 186626
693086478667112448 4072029 628 6484.122611464968 True 2008 34767
692550140754841603 35285189 319 110611.87774294672 True 2007 60867
692752491482615808 57436668 120 478638.9 True 2007 186626
723025600810766336 11776249 115615 101.85744929291182 True 2007 35705
761573188543229952 12952456 229 56560.94323144105 True 2009 61526
764497123530375169 42877212 3 14292404.0 True 2007 139971
767807335691653120 3586616 6924 517.9976891969959 True 2008 33384
693826104633737217 6316119 339 18631.619469026547 True 2008 38773
693181857261719553 35285188 319 110611.87460815047 True 2007 60867
692820029159653377 6316119 339 18631.619469026547 True 2008 38773
692083780123783172 3446016 513 6717.380116959064 True 2007 38056
693080409282846720 47333039 1106 42796.59945750452 True 2007 145475
693858804279201794 46268142 904 51181.573008849555 True 2007 206486
693534670428971008 27772431 71 391161.0 True 2007 120665
692925396292091905 6316119 339 18631.619469026547 True 2008 38773
693203974388895744 47333039 1106 42796.59945750452 True 2007 145475
666335363099660288 UNK UNK UNK UNK UNK UNK
693869818366287872 11494587 5669 2027.6216263891338 True 2008 84669
693059995013742592 UNK UNK UNK UNK UNK UNK
766752508312166402 57436670 120 478638.9166666667 True 2007 186626
686657138270277634 1196541 462 2589.9155844155844 True 2009 13794
692623941131722752 57436670 120 478638.9166666667 True 2007 186626
693546915892428800 11429362 10 1142936.2 True 2008 72864
693402634011701248 5569212 217 25664.571428571428 True 2008 51532
693456187036037123 35285189 319 110611.87774294672 True 2007 60867
765779159176077312 42877213 3 14292404.333333334 True 2007 139971
767129248045948929 11429362 10 1142936.2 True 2008 72864
682999206290829312 1169953 1259 929.2716441620333 True 2007 29346
761999790892806144 12952456 229 56560.94323144105 True 2009 61526
682916727282270208 3154979 1254 2515.932216905901 True 2007 33216
691285663522648065 42877213 3 14292404.333333334 True 2007 139971
692702295281262593 42877215 3 14292405.0 True 2007 139971
766715993385267201 11429362 10 1142936.2 True 2008 72864
690042063958732800 42877216 3 14292405.333333334 True 2007 139971
692890520960397312 35285189 319 110611.87774294672 True 2007 60867
687643002240679936 42877216 3 14292405.333333334 True 2007 139971
693528374996652032 18954596 269 70463.18215613383 True 2007 67261
689661418484994049 4408111 2535 1738.8998027613413 True 2008 20410
766568413418356736 42877216 3 14292405.333333334 True 2007 139971
692838430783332357 11429362 10 1142936.2 True 2008 72864
693281966846808064 47333053 1106 42796.61211573237 True 2007 145475
767859423150759936 11429362 10 1142936.2 True 2008 72864
693502060545703937 18954596 269 70463.18215613383 True 2007 67261
689860942671130624 12952456 229 56560.94323144105 True 2009 61526
692735698349199360 42874876 3 14291625.333333334 True 2007 139971
765859710503378944 42877216 3 14292405.333333334 True 2007 139971
767754921403899906 57436670 120 478638.9166666667 True 2007 186626
764906140257837056 12952456 229 56560.94323144105 True 2009 61526
687537772970684417 3154979 1254 2515.932216905901 True 2007 33216
682895395077373952 980323 2331 420.55898755898755 True 2008 37891
690106189951139840 42877217 3 14292405.666666666 True 2007 139971
693146363685642240 6316119 339 18631.619469026547 True 2008 38773
693315824132685824 1125656 465 2420.7655913978497 True 2008 6686
693086218276474880 15840674 31412 504.28734241691075 True 2007 31550
767203096472719364 35285188 319 110611.87460815047 True 2007 60867
693648684857323521 11776248 115615 101.85744064351512 True 2007 35705
693818562981421056 35285188 319 110611.87460815047 True 2007 60867
693893182338289664 15840673 31412 504.2873105819432 True 2007 31550
692014905239666688 57436672 120 478638.93333333335 True 2007 186626
688819658057740290 42877218 3 14292406.0 True 2007 139971
693061713042771968 27772435 71 391161.05633802817 True 2007 120665
689867195657101312 4408111 2535 1738.8998027613413 True 2008 20410
767541796410839040 UNK UNK UNK UNK UNK UNK
693571567377342466 15412231 528 29189.83143939394 True 2009 60425
693013768738115584 42877219 3 14292406.333333334 True 2007 139971
692743102432346113 UNK UNK UNK UNK UNK UNK
693906624776245249 12952457 229 56560.947598253275 True 2009 61526
688428083540553728 4408111 2535 1738.8998027613413 True 2008 20410
688741019979001856 42877219 3 14292406.333333334 True 2007 139971
692516224245235712 12952457 229 56560.947598253275 True 2009 61526
692106491365605376 1795943 964 1863.0114107883817 True 2008 20700
767459987476054016 35285191 319 110611.88401253919 True 2007 60867
693857080193761285 15412233 528 29189.835227272728 True 2009 60425
693651239486263296 57436672 120 478638.93333333335 True 2007 186626
692826642583019521 583969 718 813.3272980501392 True 2007 11939
693076140278153217 35285191 319 110611.88401253919 True 2007 60867
688021039322894336 42877220 3 14292406.666666666 True 2007 139971
692078399012130816 11429362 10 1142936.2 True 2008 72864
672553813249826816 1092051 3921 278.51338944146903 True 2007 9144
767698691205410816 18954598 269 70463.18959107807 True 2007 67261
723198441690636288 11776249 115615 101.85744929291182 True 2007 35705
692758050378256388 6316120 339 18631.622418879055 True 2008 38773
644329878876237824 565584 13 43506.46153846154 True 2010 8553
688752927381581824 12952457 229 56560.947598253275 True 2009 61526
767814876433571840 18954601 269 70463.20074349442 True 2007 67261
687409983139495939 583969 718 813.3272980501392 True 2007 11939
682996350909157376 772534 236 3273.4491525423728 True 2008 12785
765359928361922560 3446016 513 6717.380116959064 True 2007 38056
692630756548591616 42877220 3 14292406.666666666 True 2007 139971
692797856386777089 35285191 319 110611.88401253919 True 2007 60867
693771953648373760 24647644 125 197181.152 True 2007 115826
762793077509464064 12952457 229 56560.947598253275 True 2009 61526
692911086920667136 35285192 319 110611.88714733542 True 2007 60867
690376107825192960 12952457 229 56560.947598253275 True 2009 61526
686666933949837312 3154979 1254 2515.932216905901 True 2007 33216
693641113693884416 35285191 319 110611.88401253919 True 2007 60867
544282005941530624 1635610 11633 140.60087681595462 True 2008 19097
614595106906226688 7236 1291 5.604957397366382 True 2009 418
544274934835707905 27772438 71 391161.0985915493 True 2007 120665
614610364702044164 4152116 1505 2758.8810631229235 True 2007 41081
544367462012432384 18954601 269 70463.20074349442 True 2007 67261
552792802309181440 136696 341 400.86803519061584 True 2012 3641
614467824313106432 UNK UNK UNK UNK UNK UNK
616421546702336000 9787479 2753 3555.204867417363 True 2007 126059
524966904885428226 3076569 627 4906.808612440192 True 2009 23033
614593386188828672 15412234 528 29189.83712121212 True 2009 60425
614604580601597953 3726862 265 14063.630188679244 True 2007 27692
649881917534433280 46268151 904 51181.58296460177 True 2007 206487
544520273718812672 72811 1017 71.59390363815143 True 2009 275
552783667052167168 408984 1101 371.4659400544959 True 2009 7980
552791196247269378 10375998 370 28043.237837837838 True 2007 41729
623599854661541888 1139709 715 1593.9986013986013 True 2009 8693
649889459836710912 46268152 904 51181.58407079646 True 2007 206487
552834961762709505 3076569 627 4906.808612440192 True 2009 23033
544358533819420672 10375998 370 28043.237837837838 True 2007 41729
651018580989972480 96996 4159 23.321952392402018 False 2008 1664
552791578893619200 8697555 1084 8023.574723247232 True 2009 63164
614605997953404929 14002952 7037 1989.9036521244848 True 2009 98163
525019752507658240 UNK UNK UNK UNK UNK UNK
544277117039837184 461729 15492 29.80435063258456 True 2008 4443
544504183341064192 1614322 195 8278.57435897436 True 2009 3941
525025279803424768 8734 2141 4.079402148528725 True 2007 512
524944399890124801 1285478 409 3142.9779951100245 True 2009 9035
614610102927147008 49180 651 75.54531490015361 False 2011 1213
614628865353351168 10376002 370 28043.24864864865 True 2007 41729
552793679082311680 2863037 748 3827.5895721925135 True 2008 18550
553589051044151296 136696 341 400.86803519061584 True 2012 3641
544350712365207552 200160 14561 13.746308632648857 True 2007 2572
614594195479752704 1007498 474 2125.5232067510547 True 2007 11185
552792544132997121 3194108 1146 2787.179755671902 True 2008 24607
544381485591982083 11777 953 12.35781741867786 True 2012 219
649985459389661184 46268155 904 51181.58738938053 True 2007 206487
524995771587108864 53707 1163 46.179707652622525 True 2009 415
614645853291155457 3726863 265 14063.633962264152 True 2007 27692
615494435074363392 249804 11 22709.454545454544 False 2012 207
553587013409325058 1849367 675 2739.8029629629627 True 2011 22879
544283772569788416 5938478 28 212088.5 True 2007 26679
524959809402331137 57435394 120 478628.2833333333 True 2007 186626
544517264054423552 119889 242 495.40909090909093 True 2010 1096
544491151118860289 235444 8273 28.459325516741206 False 2011 3923
553476880339599360 3076571 627 4906.8118022328545 True 2009 23033
544374511194632192 15412236 528 29189.840909090908 True 2009 60425
614620298877513729 15412236 528 29189.840909090908 True 2009 60425
498430783699554305 290165 950 305.43684210526317 True 2009 3967
544271362022338560 2821 1620 1.741358024691358 True 2010 73
553512735192141826 4028483 3 1342827.6666666667 True 2009 21354
614650850393391104 14344 3628 3.9536934950385887 False 2013 210
552785375161499649 3194108 1146 2787.179755671902 True 2008 24607
553506608203169792 42877234 3 14292411.333333334 True 2007 139971
614599587362414592 27082 4106 6.5957135898684855 True 2009 1046
667487418388488192 254171 67 3793.597014925373 True 2008 5051
614891047886434304 1797133 661 2718.809379727685 True 2008 32534
615592870540488704 464594 3 154864.66666666666 False 2011 283
614610920782888960 257054 207 1241.806763285024 True 2008 3159
553160652567498752 15412236 528 29189.840909090908 True 2009 60425
544305540286148609 23663 676 35.00443786982248 True 2013 442
553566026030272512 15412237 528 29189.842803030304 True 2009 60425
553107921081749504 7508509 1823 4118.7652221612725 True 2008 44750
614604054552018944 UNK UNK UNK UNK UNK UNK
553544694765215745 22184 1095 20.259360730593606 True 2007 423
524932935137628160 855431 1027 832.9415774099318 True 2009 10957
544513524438155264 3154980 1254 2515.933014354067 True 2007 33216
553586897168392192 246606 1152 214.06770833333334 True 2009 5505
544290258951892992 17631401 907 19439.25137816979 True 2007 116985
552805488631758849 57435403 120 478628.35833333334 True 2007 186627
553590459688570880 136696 341 400.86803519061584 True 2012 3641
544329935943237632 UNK UNK UNK UNK UNK UNK
552811386259386370 17631402 907 19439.25248070562 True 2007 116985
544319274072817664 UNK UNK UNK UNK UNK UNK
668849913678209024 254171 67 3793.597014925373 True 2008 5051
614671961801785344 4152116 1505 2758.8810631229235 True 2007 41081
524935485370929152 389463 4278 91.03856942496493 True 2009 6315
642465192408940544 323051 8127 39.75033837824535 False 2010 2120
614702244001382400 4152116 1505 2758.8810631229235 True 2007 41081
553535829017370625 3361657 453 7420.876379690949 True 2007 10910
667073349974102017 18732 312 60.03846153846154 False 2011 663
544268732046913536 461729 15492 29.80435063258456 True 2008 4443
544282227035869184 235444 8273 28.459325516741206 False 2011 3923
524925987239120897 200847 304 660.6809210526316 True 2009 3154
614593989203886080 45080 956 47.15481171548117 True 2009 540
544301453717041152 235444 8273 28.459325516741206 False 2011 3923
552792913910833152 3361657 453 7420.876379690949 True 2007 10910
619242759359037440 1759300 1747 1007.0406410990269 False 2012 1629
614601139422633984 1425776 456 3126.7017543859647 True 2009 10846
544289311504355328 UNK UNK UNK UNK UNK UNK
580348081100734464 42877238 3 14292412.666666666 True 2007 139971
616765822095261700 23891623 81 294958.3086419753 True 2008 65589
628319096606732290 6583957 2907 2264.8630890952873 True 2007 23940
553543369604210689 UNK UNK UNK UNK UNK UNK
614599619310407680 18954607 269 70463.22304832714 True 2007 67261
614615157730357248 3726866 265 14063.645283018868 True 2007 27692
553508098825261056 7508510 1823 4118.765770707625 True 2008 44750
580324027715063808 965492 168 5746.976190476191 True 2009 5289
628336948810268673 265409 1087 244.16651333946643 True 2012 1263
525056576038518785 2863037 748 3827.5895721925135 True 2008 18550
544289941996326912 717470 545 1316.4587155963302 True 2007 5912
544399927045283840 42877239 3 14292413.0 True 2007 139971
552832817089236992 35064 265 132.31698113207548 True 2011 1346
553221600955621376 UNK UNK UNK UNK UNK UNK
524969201102901248 1915225 369 5190.3116531165315 True 2009 6922
525049639016615937 23419 124 188.86290322580646 True 2009 218
614790312955904000 17030265 495 34404.57575757576 True 2008 104243
544511199702822913 335165 213 1573.544600938967 True 2010 1556
628681462976528384 7509914 513 14639.208576998051 True 2008 52549
614595181845839873 21670 1772 12.229119638826186 True 2009 800
524923676484177920 39253 4016 9.774153386454183 True 2009 681
616481759329427456 9787479 2753 3555.204867417363 True 2007 126059
544352727971954690 9527895 560 17014.098214285714 True 2007 88124
544278335455776769 1849367 675 2739.8029629629627 True 2011 22879
614617234942656512 2055723 2363 869.9631823952602 True 2008 23370
623533663947517952 UNK UNK UNK UNK UNK UNK
614628136634949632 511871 11565 44.26035451794207 False 2009 3750
525060425184858112 57435405 120 478628.375 True 2007 186627
544515538383564801 102422 2255 45.419955654102 True 2009 1977
544514564407427072 23663 676 35.00443786982248 True 2013 442
650037735579910145 268205 422 635.5568720379147 True 2008 2284
614616994499788800 UNK UNK UNK UNK UNK UNK
525023025792835585 66305 32015 2.0710604404185537 True 2008 948
524931324763992064 UNK UNK UNK UNK UNK UNK
614648099542204416 3446016 513 6717.380116959064 True 2007 38056
544512664769396736 3076570 627 4906.8102073365235 True 2009 23033
650128194209730561 46268164 904 51181.597345132745 True 2007 206487
524943490887991296 232994 484 481.39256198347107 True 2009 2445
544278985249550337 123945 3834 32.327856025039125 True 2009 1366
614638036593299456 3446016 513 6717.380116959064 True 2007 38056
524923462398513152 12694 2970 4.274074074074074 True 2011 426
525058976376193024 UNK UNK UNK UNK UNK UNK
674263945172119552 6316120 339 18631.622418879055 True 2008 38773
544289409294553088 116065 3529 32.888920374043636 True 2009 2458
614624331717545984 357230 1425 250.6877192982456 True 2009 4233
525025463648137216 1915225 369 5190.3116531165315 True 2009 6922
616311563071434753 158459 260 609.4576923076924 True 2009 1758
628604055644934144 5834 934 6.2462526766595285 True 2010 109
524980744658382848 1285482 409 3142.987775061125 True 2009 9035
650046859537448960 46268164 904 51181.597345132745 True 2007 206487
640967537178472448 2439270 258967 9.419231021713191 True 2008 18994
544391533240516608 6122289 246 24887.353658536584 True 2007 53720
544350567183556608 19575 1996 9.807114228456914 True 2009 494
553476490315431937 2522425 2310 1091.9588744588746 True 2008 13997
524942470472548352 14918 1182 12.62098138747885 True 2009 312
552806757672964097 4072028 628 6484.12101910828 True 2008 34767
614494460747997184 UNK UNK UNK UNK UNK UNK
552984502063337472 1849368 675 2739.8044444444445 True 2011 22879
524975705206304769 1285482 409 3142.987775061125 True 2009 9035
649974380416618496 21778895 1114 19550.175044883305 True 2007 123563
524965775036387329 22361 1268 17.634858044164037 True 2010 196
614494170590367744 UNK UNK UNK UNK UNK UNK
614626710248534016 3446016 513 6717.380116959064 True 2007 38056
614614133410033664 7508509 1823 4118.7652221612725 True 2008 44750
553586860334010368 455562 275 1656.5890909090908 True 2013 1470
553588178687655936 11494588 5669 2027.6218027870877 True 2008 84670
524926235030589440 235444 8273 28.459325516741206 False 2011 3923
674358835675549696 6316120 339 18631.622418879055 True 2008 38773
525068915068923904 16448 1284 12.809968847352025 False 2008 272
544520042810200064 110374 7053 15.649227279171983 False 2011 134
524922729485848576 UNK UNK UNK UNK UNK UNK
544476808566276097 5938478 28 212088.5 True 2007 26679
553531413459660800 4028483 3 1342827.6666666667 True 2009 21354
544391176137089024 10376008 370 28043.264864864865 True 2007 41729
553558982476828674 36983 1626 22.744772447724475 True 2011 976
614599815280857088 319514 1547 206.53781512605042 True 2009 4316
632377165477191680 UNK UNK UNK UNK UNK UNK
662381914842603520 UNK UNK UNK UNK UNK UNK
676870737932742656 15412239 528 29189.846590909092 True 2009 60425
626770498328895488 169684 11955 14.193559180259305 False 2012 653
628045645010608128 UNK UNK UNK UNK UNK UNK
659462980476637184 UNK UNK UNK UNK UNK UNK
672539897899577344 UNK UNK UNK UNK UNK UNK
672433211604013057 114175 6058 18.846979201056453 False 2012 965
674014933235859456 UNK UNK UNK UNK UNK UNK
664000310856310784 2196557 729 3013.109739368999 True 2008 10937
657007736467525632 2527757 1 2527757.0 False 2007 8238
620971220301787136 UNK UNK UNK UNK UNK UNK
611039775856812032 10376009 370 28043.267567567567 True 2007 41729
613294443878305796 263412 1835 143.54877384196186 True 2011 3291
675064077367005184 102588 1315 78.01368821292776 False 2009 1292
613362193787129860 UNK UNK UNK UNK UNK UNK
638047610973089793 5375 92 58.42391304347826 False 2013 105
653250169752977408 47333123 1106 42796.67540687161 True 2007 145476
669259395902152704 UNK UNK UNK UNK UNK UNK
675005503160901632 373845 618 604.9271844660194 True 2011 6051
614054616154550273 UNK UNK UNK UNK UNK UNK
676067381299576832 3328937 337 9878.151335311573 True 2009 13236
672424512516964352 3328937 337 9878.151335311573 True 2009 13236
604642913188872192 409832 106 3866.3396226415093 False 2013 2953
656880145769197568 UNK UNK UNK UNK UNK UNK
663817239896821760 6583955 2907 2264.862401100791 True 2007 23940
672632863452299264 174409 167974 1.0383095002798053 False 2010 724
666051332504207360 342496 1405 243.76939501779358 True 2009 6466
672927317191229440 UNK UNK UNK UNK UNK UNK
656811196218286080 398305 1409 282.6863023420866 True 2010 4784
652783670370115585 2527757 1 2527757.0 False 2007 8238
662430295254175744 459840 1156 397.7854671280277 False 2010 5035
673686233936072704 1205126 4203 286.7299547941946 True 2007 8931
665358434351509504 UNK UNK UNK UNK UNK UNK
604625816992002049 UNK UNK UNK UNK UNK UNK
656595123590012928 398305 1409 282.6863023420866 True 2010 4784
613016993692798977 225815 995 226.9497487437186 True 2013 2001
647464349611589632 47333131 1106 42796.68264014467 True 2007 145476
613404935003217920 11494588 5669 2027.6218027870877 True 2008 84670
658259426172891136 UNK UNK UNK UNK UNK UNK
674301413040758785 10376010 370 28043.27027027027 True 2007 41729
676718762830221312 2196557 729 3013.109739368999 True 2008 10937
668144671772778497 761638 1214 627.3789126853377 True 2007 11433
620367840902782976 169684 11955 14.193559180259305 False 2012 653
636925368927064064 254171 67 3793.597014925373 True 2008 5051
673615400655970304 UNK UNK UNK UNK UNK UNK
656830586577883136 15412240 528 29189.848484848484 True 2009 60425
658786161733734400 UNK UNK UNK UNK UNK UNK
672632899921833984 129091 49630 2.6010679024783396 False 2012 770
666497286663503872 4072028 628 6484.12101910828 True 2008 34767
658065957823324160 UNK UNK UNK UNK UNK UNK
663925546812837888 10733 20 536.65 False 2008 546
673079581520318464 1865535 24 77730.625 False 2011 5065
651959206287908868 2196557 729 3013.109739368999 True 2008 10937
612646796355960832 1108736 360 3079.822222222222 True 2010 10781
661120256732041216 7459 4936 1.5111426256077796 False 2011 161
623818627054206977 UNK UNK UNK UNK UNK UNK
654343805081157633 54 36 1.5 False 2011 1
665575674485211136 250238 251452 0.9951720407871085 False 2009 1128
626901072209121282 UNK UNK UNK UNK UNK UNK
613425834301485056 545902 14343 38.06051732552464 True 2009 6356
656825206045020160 7509916 513 14639.212475633529 True 2008 52549
655986243042459648 2527757 1 2527757.0 False 2007 8238
642432477185867776 729956 30 24331.866666666665 False 2012 1354
637382230394822656 243530 201079 1.2111160290234186 False 2009 3236
640644123339431936 UNK UNK UNK UNK UNK UNK
656818921979310081 69823 1694 41.217827626918535 True 2010 983
661299012386095105 9787479 2753 3555.204867417363 True 2007 126059
654371696195993600 UNK UNK UNK UNK UNK UNK
666633171325353989 27772453 71 391161.3098591549 True 2007 120657
647193820812177408 7509916 513 14639.212475633529 True 2008 52549
656047932093763584 57435416 120 478628.4666666667 True 2007 186627
644229386149888001 11217 13061 0.8588163234055586 False 2008 139
665379967757324288 17347 12280 1.4126221498371336 False 2009 228
674301960787505153 10037 160 62.73125 False 2014 98
618192748735299584 1092060 213 5127.042253521126 False 2010 2585
673872171341447169 113918 3963 28.745394902851377 True 2012 2540
672180526946656256 82984 839 98.90822407628129 True 2007 2904
674314254732931072 3341108 345 9684.371014492754 True 2008 17550
661222523275636736 113164 159493 0.7095233019630955 False 2015 365
634943791934406657 42292 28853 1.4657747894499706 False 2011 565
665364878287224834 163901 2303 71.1684759009987 False 2012 1452
633961125126668288 3341108 345 9684.371014492754 True 2008 17550
651321040119963648 UNK UNK UNK UNK UNK UNK
634665777400950784 UNK UNK UNK UNK UNK UNK
613114185505996802 14002956 7037 1989.904220548529 True 2009 98164
638050997340893184 47333142 1106 42796.692585895114 True 2007 145476
626897206717624320 UNK UNK UNK UNK UNK UNK
613061089518034944 408732 2058 198.6064139941691 True 2011 1256
671181758692507648 144605 42919 3.369253710477877 True 2012 1572
675043569367982081 388527 1977 196.5235204855842 True 2008 8543
663904307113275392 10376012 370 28043.275675675675 True 2007 41729
637868242560638980 27282 4988 5.469526864474739 False 2015 134
648894687542034432 UNK UNK UNK UNK UNK UNK
656955120626880512 UNK UNK UNK UNK UNK UNK
673984270902427650 2128 1713 1.2422650321074138 False 2010 185
633949800761700352 3341108 345 9684.371014492754 True 2008 17550
648310692794109952 2527757 1 2527757.0 False 2007 8238
661251968078221312 UNK UNK UNK UNK UNK UNK
620916279608651776 UNK UNK UNK UNK UNK UNK
645711628046995462 6527 3808 1.7140231092436975 False 2012 102
645356735545364480 11377 32 355.53125 False 2015 2
667465205258051584 67455 59851 1.1270488379475698 False 2012 282
663515735231062016 10772 3034 3.5504284772577455 False 2015 103
669201837187334144 2527757 1 2527757.0 False 2007 8238
622858454949040128 91816 996 92.18473895582329 True 2009 1447
643225207705075716 11234 5191 2.1641302253900982 False 2015 148
672906198434209792 15412238 528 29189.844696969696 True 2009 60425
672488384695279616 64277 64204 1.0011370008099183 False 2012 201
612741808125120513 503761 2 251880.5 True 2014 2503
660466342038867969 4796 671 7.147540983606557 False 2015 54
652992524504600576 UNK UNK UNK UNK UNK UNK
651402689352351744 11234005 94725 118.59598838743732 True 2006 27771
618449248179191808 UNK UNK UNK UNK UNK UNK
643139873264812032 UNK UNK UNK UNK UNK UNK
641430951403343872 993051 3783 262.5035685963521 False 2012 2298
672432930426372096 136022 114010 1.193070783264626 False 2009 940
627828211003469825 6583955 2907 2264.862401100791 True 2007 23940
663385747177775105 2527758 1 2527758.0 False 2007 8238
620835698514464768 UNK UNK UNK UNK UNK UNK
654351281260113920 28 55 0.509090909090909 False 2013 0
665361505303584774 12127 12268 0.9885066840560809 False 2008 279
677099574855639044 15412238 528 29189.844696969696 True 2009 60425
652882609219833856 47333131 1106 42796.68264014467 True 2007 145476
681767380305985536 9787480 2753 3555.2052306574647 True 2007 126059
629503919098429440 571 357 1.5994397759103642 False 2013 0
612841482823729152 144605 42919 3.369253710477877 True 2012 1572
661102820976930816 43647 9 4849.666666666667 False 2011 830
656202544331517952 658847 8029 82.05841325196164 True 2007 11168
673664899571060736 113918 3963 28.745394902851377 True 2012 2540
604354747357859842 UNK UNK UNK UNK UNK UNK
613393657161510913 1125656 465 2420.7655913978497 True 2008 6686
675065047710892033 514087 1998 257.3008008008008 True 2008 3750
600451916414484480 15502 25 620.08 False 2013 92
612438528803213312 5069 1445 3.5079584775086503 False 2007 206
661870323034431489 1845 2954 0.6245768449559919 False 2009 53
672169954016403456 15412239 528 29189.846590909092 True 2009 60425
673615263040798726 668441 2779 240.53292551277437 True 2012 3972
594687353937100801 UNK UNK UNK UNK UNK UNK
656662726014599168 24647662 125 197181.296 True 2007 115826
635632641635667968 2908877 1171 2484.0964987190437 True 2007 15237
673581371458199552 221031 4194 52.701716738197426 True 2009 993
674015148382666752 UNK UNK UNK UNK UNK UNK
667379734343471104 UNK UNK UNK UNK UNK UNK
656834590779289600 398305 1409 282.6863023420866 True 2010 4784
661229627734667264 209938 3943 53.243215825513566 True 2008 5506
663722803489808384 9787480 2753 3555.2052306574647 True 2007 126059
672828403016429568 UNK UNK UNK UNK UNK UNK
659428447459110912 64259 188 341.8031914893617 False 2012 546
673611867181473792 24674 2055 12.006812652068126 True 2010 631
658462819667615744 UNK UNK UNK UNK UNK UNK
656629493377990656 UNK UNK UNK UNK UNK UNK
666107476526432256 UNK UNK UNK UNK UNK UNK
613194145423826944 721029 687 1049.532751091703 True 2007 7345
641443248909754368 9787480 2753 3555.2052306574647 True 2007 126059
622891631293935616 188920 28625 6.599825327510917 False 2009 1306
666640008149925893 103961 6686 15.54905773257553 True 2007 4896
673696115305406466 78120 163 479.2638036809816 True 2010 78
618804516578680832 47333150 1106 42796.69981916817 True 2007 145476
674080899055546368 9196 988 9.307692307692308 False 2011 390
641050980985999360 UNK UNK UNK UNK UNK UNK
626546123713474560 6583955 2907 2264.862401100791 True 2007 23940
673346166822694914 UNK UNK UNK UNK UNK UNK
641191076716417025 UNK UNK UNK UNK UNK UNK
626739062792032256 6583955 2907 2264.862401100791 True 2007 23940
707308274270539777 UNK UNK UNK UNK UNK UNK
716461257025581056 56765 1970 28.814720812182742 False 2015 482
650975967146602496 1578604 3305 477.6411497730711 True 2009 16832
760928376668454912 237662 866 274.4364896073903 True 2009 1721
725983128444129280 188920 28625 6.599825327510917 False 2009 1306
715671763808493569 120058 106528 1.127008861519976 False 2009 1004
730939370765754368 UNK UNK UNK UNK UNK UNK
655812191233417216 47556 42625 1.115683284457478 False 2010 318
778530869208190976 11758 5125 2.294243902439024 False 2016 151
778625026144792577 209938 3943 53.243215825513566 True 2008 5506
707310135291416576 231482 582 397.73539518900344 True 2008 2788
716092408920936448 UNK UNK UNK UNK UNK UNK
778681502825451520 382445 769 497.32769830949286 True 2010 5318
714851393861881857 23633 534 44.256554307116104 False 2015 159
714998347111669760 11815570 1460 8092.856164383562 True 2010 22458
729647367457230850 15946706 5295 3011.6536355051935 True 2009 59074
760109079133990912 2236107 97 23052.649484536083 True 2009 3138
728038172270198787 293982 1037 283.4927675988428 False 2012 1263
701975210044497921 39335 3430 11.46793002915452 True 2010 676
780882510645370880 161943 2162 74.90425531914893 True 2007 2543
742050150307246080 52261 33113 1.5782623138948448 False 2008 1334
727623131494387714 43062 27880 1.54454806312769 False 2015 49
751536167183613952 178977 1335 134.06516853932584 False 2009 3190
723477822950395904 3076569 627 4906.808612440192 True 2009 23033
743058135300988932 UNK UNK UNK UNK UNK UNK
653432177632387072 11776245 115615 101.857414695325 True 2007 35705
765735409984806912 121394 6463 18.78291814946619 True 2008 2332
652300118205427716 UNK UNK UNK UNK UNK UNK
763520953619918848 323051 8127 39.75033837824535 False 2010 2120
740791134146965504 367280 17185 21.372126854815246 True 2009 2627
697992796565741569 1184 435 2.72183908045977 False 2010 29
763738618573623297 UNK UNK UNK UNK UNK UNK
778299287293816832 UNK UNK UNK UNK UNK UNK
714531423273746432 35433 3305 10.721028744326778 False 2011 868
743764020679741440 188880 754 250.50397877984085 True 2008 1202
763896522790440960 UNK UNK UNK UNK UNK UNK
778689027918618625 8153622 70188 116.16831937083262 True 2007 68138
714567472712589312 153024 8135 18.810571604179472 False 2012 1311
748640007934590976 47333160 1106 42796.70886075949 True 2007 145476
726442550266044416 241702 31884 7.580667419395308 True 2011 3236
707305999971921920 323150 201621 1.6027596331731317 False 2013 1082
711994705333112832 905791 3052 296.78604193971165 True 2009 15637
728273551883534336 252654 18 14036.333333333334 False 2013 154
749039299677417472 UNK UNK UNK UNK UNK UNK
723504069814444033 315247 972 324.3281893004115 True 2010 2532
730516765525082112 254171 67 3793.597014925373 True 2008 5051
723644048867774464 4067023 977 4162.766632548618 True 2008 15038
703234354579898368 169684 11955 14.193559180259305 False 2012 653
705093513076015104 235444 8273 28.459325516741206 False 2011 3923
779633844680962048 UNK UNK UNK UNK UNK UNK
656361703664451585 19361 1666 11.62124849939976 True 2011 365
652982112870662144 11494590 5669 2027.6221555829952 True 2008 84670
755548076438196225 UNK UNK UNK UNK UNK UNK
765739657908850688 48323 1360 35.53161764705882 True 2011 1225
716416753409081344 51941 24479 2.1218595530863187 False 2009 1926
763524712853102596 108032 97682 1.1059560615057022 False 2010 403
717081129627553792 UNK UNK UNK UNK UNK UNK
725070832494624769 241702 31884 7.580667419395308 True 2011 3236
763430916236640256 12766 4644 2.7489233419465977 False 2016 28
777710439870455808 UNK UNK UNK UNK UNK UNK
728013148788154368 255835 16436 15.565526892187881 True 2007 3310
755523157700648960 121607 1272 95.60298742138365 False 2015 104
732004388181434368 1014286 155 6543.7806451612905 True 2009 10150
715268937873760256 11494590 5669 2027.6221555829952 True 2008 84670
774833492865593344 25671 1282 20.02418096723869 False 2015 106
712223438698627073 905791 3052 296.78604193971165 True 2009 15637
724939017410727938 UNK UNK UNK UNK UNK UNK
707786906189303808 13504 6 2250.6666666666665 False 2016 23
764368020391223296 12766 4644 2.7489233419465977 False 2016 28
757450526153900032 405140 417 971.5587529976019 True 2007 5404
757190314880884736 49817 4373 11.39195060599131 False 2012 768
716424773216022530 UNK UNK UNK UNK UNK UNK
653285570383335424 215191 4907 43.85388220908906 True 2014 258
701514249269542912 46268179 904 51181.613938053095 True 2007 206487
731093044460683264 15537868 1657 9377.108026554013 True 2007 96033
724044187113512960 4067023 977 4162.766632548618 True 2008 15038
656523458139045889 UNK UNK UNK UNK UNK UNK
714598318333042688 UNK UNK UNK UNK UNK UNK
706933939953344514 23937 12793 1.8711013835691395 False 2014 414
640182854928961536 3194109 1146 2787.1806282722514 True 2008 24607
715253497462145024 1007498 474 2125.5232067510547 True 2007 11185
658938136299511808 2863038 748 3827.590909090909 True 2008 18551
726190016435728385 1325990 114 11631.491228070176 True 2012 9592
724603564946010112 1325990 114 11631.491228070176 True 2012 9592
745236050407194624 382445 769 497.32769830949286 True 2010 5318
727982226290442240 1016692 2774 366.507570295602 True 2009 5485
705092738224525312 235445 8273 28.45944639187719 False 2011 3923
648993731169939456 2196558 729 3013.1111111111113 True 2008 10937
640118021101604864 2920806 282 10357.468085106382 True 2009 33107
650254360727973889 52732 1738 30.340621403912543 False 2009 787
742571519105077248 UNK UNK UNK UNK UNK UNK
728101712762834944 139 153 0.9084967320261438 False 2013 0
652000523525091328 2863038 748 3827.590909090909 True 2008 18551
755475529294352385 13192 8710 1.5145809414466131 False 2015 146
724624672604610562 7313 2271 3.220167327168648 False 2010 77
723915846985342976 4067023 977 4162.766632548618 True 2008 15038
733242244522725376 78306 38188 2.05053943647219 False 2013 588
651486105628463105 13835 99 139.74747474747474 True 2011 65
775672628493357057 2138765 2061 1037.7316836487141 True 2009 5615
716448280201269248 9023 4255 2.120564042303173 False 2015 92
759460236042305536 1062615 11677 91.00068510747623 True 2008 9913
766808183696351233 UNK UNK UNK UNK UNK UNK
707332312724283392 429564 16798 25.572330039290392 True 2011 2763
651044059222556674 104754 981 106.78287461773701 True 2010 1301
728207861050970112 426163 52 8195.442307692309 False 2011 3113
707604196812591104 235445 8273 28.45944639187719 False 2011 3923
727116900983934976 126930 14586 8.702180172768408 True 2008 2314
756690088533393409 1797132 661 2718.807866868381 True 2008 32534
723365789378584578 1734941 509 3408.5284872298625 True 2009 4221
741995157969592321 UNK UNK UNK UNK UNK UNK
724661834419048448 1133 369 3.0704607046070462 False 2012 44
765887221736046592 UNK UNK UNK UNK UNK UNK
701175292937707520 UNK UNK UNK UNK UNK UNK
650710483289419776 518606 2 259303.0 False 2012 2483
652349108653551616 11494595 5669 2027.6230375727641 True 2008 84671
723511860516016128 545904 14343 38.06065676636687 True 2009 6356
715255507506892800 1007497 474 2125.5210970464136 True 2007 11185
726043971911213057 1325993 114 11631.517543859649 True 2012 9592
728631482722308096 668440 2779 240.53256567110472 True 2012 3972
778572032531427332 209935 3943 53.24245498351509 True 2008 5506
714811995573325828 UNK UNK UNK UNK UNK UNK
742114513726623744 254173 67 3793.626865671642 True 2008 5051
757367391202471937 1797131 661 2718.806354009077 True 2008 32534
728625967921401856 665268 30364 21.9097615597418 True 2007 11631
757748522481491968 188780 82780 2.2805025368446485 False 2011 1129
654336219447472128 11588 331 35.00906344410876 False 2013 41
740748123581087745 28756 7228 3.9784172661870505 True 2009 1083
655815788675399680 31272 9 3474.6666666666665 False 2014 75
651809229842608128 6048 4665 1.2964630225080387 False 2009 161
707300612862566400 641963 9585 66.97579551382368 True 2009 7534
747275598347837440 UNK UNK UNK UNK UNK UNK
655432919595548672 65815 1697 38.783146729522684 False 2014 216
742012307694223361 241704 31884 7.580730146782085 True 2011 3236
747443219487678464 241704 31884 7.580730146782085 True 2011 3236
751856580874960897 3817 1183 3.2265426880811496 False 2010 72
763428684850094080 UNK UNK UNK UNK UNK UNK
676586804242309121 1635609 11633 140.60079085360613 True 2008 19097
723521076446142465 766384 1274 601.5572998430141 True 2009 2075
756282236375277568 1797131 661 2718.806354009077 True 2008 32534
706665777332621314 1067521 123191 8.665576219041975 True 2008 14696
725174535897620481 186806 57268 3.2619613047426137 False 2009 447
727834854931435522 2138777 2061 1037.737506065017 True 2009 5615
716457799392342018 11076 12197 0.9080921538083135 False 2015 128
731166399389962242 UNK UNK UNK UNK UNK UNK
715264793737879553 17030300 495 34404.64646464647 True 2008 104243
755447443009916929 721028 687 1049.5312954876274 True 2007 7345
727588444000526336 UNK UNK UNK UNK UNK UNK
744390771869102080 UNK UNK UNK UNK UNK UNK
742055437932040193 UNK UNK UNK UNK UNK UNK
716439952922312704 56758 1969 28.825799898425597 False 2015 482
650952376954650629 148794 3809 39.0637962719874 True 2009 1920
758825535480864769 UNK UNK UNK UNK UNK UNK
714755546285477888 225467 915 246.4120218579235 True 2011 1256
715515982584881152 1139716 715 1594.0083916083915 True 2009 8693
732971411157880832 UNK UNK UNK UNK UNK UNK
745365403237376000 UNK UNK UNK UNK UNK UNK
766789709045518336 UNK UNK UNK UNK UNK UNK
716451800581279744 UNK UNK UNK UNK UNK UNK
658755852199927808 382445 769 497.32769830949286 True 2010 5318
723772395211862016 4067029 977 4162.772773797339 True 2008 15038
727187859367546880 186806 57268 3.2619613047426137 False 2009 447
