764158239089029120 12952561 229 56561.40174672489 True 2009 61526
693821069879160832 35284487 319 110609.67711598746 True 2007 60859
766307327922335745 42874390 3 14291463.333333334 True 2007 139970
691656866972209152 11429360 10 1142936.0 True 2008 72861
693729678306189313 42874390 3 14291463.333333334 True 2007 139970
692840850141753347 578207 650 889.5492307692308 True 2007 7343
692440373449396224 57434829 120 478623.575 True 2007 186620
693822949456007169 46266933 904 51180.23561946903 True 2007 206489
692709993573789701 35284487 319 110609.67711598746 True 2007 60859
687674548712505346 11776267 115615 101.85760498205251 True 2007 35705
687956181646753792 578207 650 889.5492307692308 True 2007 7343
766299560415223808 42874390 3 14291463.333333334 True 2007 139970
644321231618076673 565586 13 43506.61538461538 True 2010 8553
693136527816331264 47330077 1106 42793.92133815552 True 2007 145471
683731779342188545 583979 718 813.341225626741 True 2007 11940
693631772639145984 11776267 115615 101.85760498205251 True 2007 35705
691600834707247104 4296192 8022 535.551234106208 True 2007 19612
692357775859564544 11429361 10 1142936.1 True 2008 72861
692364468442021889 15840536 31414 504.2508435729293 True 2007 31547
689236842454106113 12952561 229 56561.40174672489 True 2009 61526
661184793342775296 725545 936 775.1549145299145 True 2010 5454
633397936563560449 1587873 2736 580.3629385964912 True 2007 25913
763404633217835009 2169702 1175 1846.5548936170212 True 2009 11968
761675705956655109 2169702 1175 1846.5548936170212 True 2009 11968
690954487322796032 12952561 229 56561.40174672489 True 2009 61526
621025025806577664 191110 222 860.8558558558559 True 2008 4568
693605375803813889 11776267 115615 101.85760498205251 True 2007 35705
693284114724700160 21777843 1114 19549.230700179534 True 2007 123554
692946556396244992 35284489 319 110609.68338557993 True 2007 60859
693240976970752004 15840538 31414 504.2509072388107 True 2007 31547
691889802724118532 57434833 120 478623.60833333334 True 2007 186620
693492159635443714 11494526 5669 2027.610866113953 True 2008 84672
692735354240114688 6316146 339 18631.699115044248 True 2008 38773
687786822475366401 11776267 115615 101.85760498205251 True 2007 35705
767154835993063425 57434833 120 478623.60833333334 True 2007 186620
692581635594694658 35284489 319 110609.68338557993 True 2007 60859
692765809425408000 10424102 387 26935.664082687337 True 2007 91968
693594331735683072 12952561 229 56561.40174672489 True 2009 61526
693185488644149248 21777843 1114 19549.230700179534 True 2007 123554
766638613320859648 42874390 3 14291463.333333334 True 2007 139970
692745861978263552 15840538 31414 504.2509072388107 True 2007 31547
678277910537588737 1092060 3921 278.51568477429225 True 2007 9145
692376812022792196 4296192 8022 535.551234106208 True 2007 19612
690670464440504320 12952561 229 56561.40174672489 True 2009 61526
693239731031683072 35284488 319 110609.6802507837 True 2007 60859
693795905049329664 46266934 904 51180.236725663715 True 2007 206489
692099058811453440 42874391 3 14291463.666666666 True 2007 139970
693408117225299968 27771664 71 391150.1971830986 True 2007 120654
692082337333534720 12952561 229 56561.40174672489 True 2009 61526
688281442162352128 42874391 3 14291463.666666666 True 2007 139970
687945926774800385 42874391 3 14291463.666666666 True 2007 139970
766316494695305218 583979 718 813.341225626741 True 2007 11940
693554007785234432 47330079 1106 42793.92314647378 True 2007 145471
682548344690970624 UNK UNK UNK UNK UNK UNK
693122701569974273 12952561 229 56561.40174672489 True 2009 61526
693824042164436992 9787554 2753 3555.232110424991 True 2007 126061
693162950358622208 15840538 31414 504.2509072388107 True 2007 31547
693830499047989248 18953229 269 70458.1003717472 True 2007 67252
690985215691354112 3246827 691 4698.736613603473 True 2007 24780
690676539323740161 42874391 3 14291463.666666666 True 2007 139970
687911282922631168 42874391 3 14291463.666666666 True 2007 139970
693670046497935361 46266934 904 51180.236725663715 True 2007 206489
687673284436082689 11776267 115615 101.85760498205251 True 2007 35705
693125234317086720 15840538 31414 504.2509072388107 True 2007 31547
689650617464311813 2349710 4191 560.6561679790026 True 2007 44663
693629498177253376 11776267 115615 101.85760498205251 True 2007 35705
693344498953383936 57434834 120 478623.61666666664 True 2007 186620
693618217667928068 11776267 115615 101.85760498205251 True 2007 35705
651858133304782848 873823 1301 671.6548808608762 True 2009 20438
693662456393134080 15536581 1657 9376.33132166566 True 2007 96030
766989078294306816 11429361 10 1142936.1 True 2008 72861
692463948076093440 15840538 31414 504.2509072388107 True 2007 31547
686493272806576128 772523 236 3273.4025423728813 True 2008 12784
687630364936957952 144245 653 220.895865237366 True 2008 7232
688027085730897921 42874392 3 14291464.0 True 2007 139970
693091255685787648 35284489 319 110609.68338557993 True 2007 60859
692742353736568833 42874393 3 14291464.333333334 True 2007 139970
691616143161819136 974348 4629 210.48779434003023 True 2009 11924
692932696645865472 35284488 319 110609.6802507837 True 2007 60859
692922211338981377 42874393 3 14291464.333333334 True 2007 139970
693803472806760448 35284488 319 110609.6802507837 True 2007 60859
693272659447119873 47330086 1106 42793.929475587705 True 2007 145471
690680310061756416 42874392 3 14291464.0 True 2007 139970
686421576904916992 4408113 2535 1738.9005917159764 True 2008 20408
689100941119848449 42874392 3 14291464.0 True 2007 139970
693083689098477568 35284488 319 110609.6802507837 True 2007 60859
692004901455556608 12952560 229 56561.39737991266 True 2009 61526
764573523713011713 12952560 229 56561.39737991266 True 2009 61526
693140568143220736 6316147 339 18631.702064896755 True 2008 38773
687617323235147776 578207 650 889.5492307692308 True 2007 7343
693600369281253376 35284488 319 110609.6802507837 True 2007 60859
693912520923295745 18953230 269 70458.10408921933 True 2007 67252
693523133920342016 46266941 904 51180.24446902655 True 2007 206489
767515401831997440 11429362 10 1142936.2 True 2008 72861
693457310824468480 12952560 229 56561.39737991266 True 2009 61526
692764799315398656 57434834 120 478623.61666666664 True 2007 186620
767170849472405508 57434834 120 478623.61666666664 True 2007 186620
691667941314662400 233253 2232 104.50403225806451 True 2007 12794
693921710383337472 3446007 513 6717.362573099415 True 2007 38058
767580827513397252 21777844 1114 19549.231597845603 True 2007 123554
692134022839955456 11429363 10 1142936.3 True 2008 72861
693804630615166977 5569153 217 25664.299539170508 True 2008 51529
685633217160998912 2955223 6616 446.67820435308346 True 2008 15524
693643778033344512 9787554 2753 3555.232110424991 True 2007 126061
684118654418419712 1092060 3921 278.51568477429225 True 2007 9145
766719302401613825 1125654 465 2420.761290322581 True 2008 6685
693071700200722433 21777845 1114 19549.23249551167 True 2007 123554
692497796956561408 42874397 3 14291465.666666666 True 2007 139970
688814621034213376 4028098 3 1342699.3333333333 True 2009 21353
767482587879051265 UNK UNK UNK UNK UNK UNK
762775964224847872 12952560 229 56561.39737991266 True 2009 61526
641665203046907904 2510072 22017 114.00608620611345 True 2007 30794
692759090469212160 11429363 10 1142936.3 True 2008 72861
693068611951300608 35284488 319 110609.6802507837 True 2007 60859
693456340790804480 UNK UNK UNK UNK UNK UNK
693126696132804608 12952560 229 56561.39737991266 True 2009 61526
690915657106526208 725545 936 775.1549145299145 True 2010 5454
686701278785843200 4408113 2535 1738.9005917159764 True 2008 20408
691064699853606913 1797122 661 2718.7927382753405 True 2008 32531
692881863644282880 9527832 560 17013.985714285714 True 2007 88122
693102023764492288 42874398 3 14291466.0 True 2007 139970
765863022506151937 42874398 3 14291466.0 True 2007 139970
693802524579618816 47330085 1106 42793.92857142857 True 2007 145471
693595814401327104 11776267 115615 101.85760498205251 True 2007 35705
687639526282498049 11776266 115615 101.8575963326558 True 2007 35705
767463109778894848 35284489 319 110609.68338557993 True 2007 60859
693198912660885505 11429363 10 1142936.3 True 2008 72861
767715489485205505 35284488 319 110609.6802507837 True 2007 60859
693443289370882049 12952560 229 56561.39737991266 True 2009 61526
693696168908423168 57434833 120 478623.60833333334 True 2007 186620
699252269414354944 239337 93520 2.559206586826347 True 2007 10521
693501482721681408 35284488 319 110609.6802507837 True 2007 60859
692747901815119872 9527832 560 17013.985714285714 True 2007 88122
693484841011060737 18953229 269 70458.1003717472 True 2007 67252
687734662249246724 11776267 115615 101.85760498205251 True 2007 35705
690926324903317504 12952560 229 56561.39737991266 True 2009 61526
693512850539683842 11429025 10 1142902.5 True 2008 72859
690522824797196288 42874401 3 14291467.0 True 2007 139970
691809004356501505 12952560 229 56561.39737991266 True 2009 61526
693807822971236353 47330101 1106 42793.943037974685 True 2007 145471
691976624665919488 2955223 6616 446.67820435308346 True 2008 15524
693216311502073856 5569153 217 25664.299539170508 True 2008 51529
693899062098137088 46266942 904 51180.24557522124 True 2007 206490
692800345274241025 15840538 31414 504.2509072388107 True 2007 31547
765934198297362432 57434834 120 478623.61666666664 True 2007 186620
767300637012951040 42874401 3 14291467.0 True 2007 139970
693769968199061504 57434834 120 478623.61666666664 True 2007 186620
693160939802214400 47330101 1106 42793.943037974685 True 2007 145471
761355585724055553 12952560 229 56561.39737991266 True 2009 61526
692927739066740741 11429363 10 1142936.3 True 2008 72861
767355933919997952 57434834 120 478623.61666666664 True 2007 186620
692105324111761408 57434834 120 478623.61666666664 True 2007 186620
693214543615561729 47330104 1106 42793.945750452076 True 2007 145471
692134721195786240 15840538 31414 504.2509072388107 True 2007 31547
693465666259656705 42874401 3 14291467.0 True 2007 139970
688763099298529280 233253 2232 104.50403225806451 True 2007 12794
683158807959089152 1111216 2358 471.25360474978794 True 2007 14462
693537938425171968 46266942 904 51180.24557522124 True 2007 206490
688110059553861634 12952560 229 56561.39737991266 True 2009 61526
764473554431725568 12952560 229 56561.39737991266 True 2009 61526
693806234026188801 3154872 1254 2515.846889952153 True 2007 33217
690296550803636224 12952560 229 56561.39737991266 True 2009 61526
692405195796529152 42874402 3 14291467.333333334 True 2007 139970
692688891174739968 4296193 8022 535.5513587634007 True 2007 19612
692046121250586624 3840472 724 5304.519337016574 True 2008 30006
693549273468764160 46266942 904 51180.24557522124 True 2007 206490
693355140284334081 47330106 1106 42793.94755877034 True 2007 145471
687617735833026560 578208 650 889.5507692307692 True 2007 7343
693098795022725120 35284491 319 110609.68965517242 True 2007 60859
693916809125351425 11429363 10 1142936.3 True 2008 72861
643807909856415744 191110 222 860.8558558558559 True 2008 4568
692290126282649601 4028100 3 1342700.0 True 2009 21353
691206970074738688 3154872 1254 2515.846889952153 True 2007 33217
690145844318834689 3644607 166 21955.463855421687 True 2009 34488
692098463262216192 15840538 31414 504.2509072388107 True 2007 31547
692818857187213313 27771672 71 391150.3098591549 True 2007 120655
692812029611089920 4071783 628 6483.730891719745 True 2008 34767
764505291853627392 578208 650 889.5507692307692 True 2007 7343
765631087867367426 12951419 230 56310.51739130435 True 2009 61525
692842124841123842 11429363 10 1142936.3 True 2008 72861
690137637810761728 42874406 3 14291468.666666666 True 2007 139970
692528931459694592 57434835 120 478623.625 True 2007 186620
693925198630821889 35284493 319 110609.69592476489 True 2007 60859
665498651742085124 UNK UNK UNK UNK UNK UNK
767355611277168642 35284493 319 110609.69592476489 True 2007 60859
761027420849745920 144245 653 220.895865237366 True 2008 7232
692566765822435328 35284491 319 110609.68965517242 True 2007 60859
692451275930234880 12952560 229 56561.39737991266 True 2009 61526
692537942439501824 57434835 120 478623.625 True 2007 186620
693853982293254144 18953230 269 70458.10408921933 True 2007 67252
689719109785907200 42874407 3 14291469.0 True 2007 139970
691986377584549888 57434834 120 478623.61666666664 True 2007 186620
693118410444636161 47330106 1106 42793.94755877034 True 2007 145471
767462297270968321 35284491 319 110609.68965517242 True 2007 60859
692854695262445568 578208 650 889.5507692307692 True 2007 7343
767223774072676354 57434836 120 478623.63333333336 True 2007 186620
689798164287741953 42874408 3 14291469.333333334 True 2007 139970
767360696761905153 15840538 31414 504.2509072388107 True 2007 31547
691351064868732928 11429363 10 1142936.3 True 2008 72861
690252631822864384 12952560 229 56561.39737991266 True 2009 61526
693032076543655936 27771672 71 391150.3098591549 True 2007 120655
691632933170450435 11429363 10 1142936.3 True 2008 72861
692792765852286977 11429363 10 1142936.3 True 2008 72861
693116426824093696 5569153 217 25664.299539170508 True 2008 51529
692727606718824448 35284493 319 110609.69592476489 True 2007 60859
766299795833102336 57434835 120 478623.625 True 2007 186620
693533469922693120 15840538 31414 504.2509072388107 True 2007 31547
690174644071047168 2349710 4191 560.6561679790026 True 2007 44663
692453106622275585 15840538 31414 504.2509072388107 True 2007 31547
767668607803359234 24647061 125 197176.488 True 2007 115826
692748204064927745 6316149 339 18631.70796460177 True 2008 38774
692190570140340229 42874409 3 14291469.666666666 True 2007 139970
692745208421679104 35284493 319 110609.69592476489 True 2007 60859
693217698482933760 3246830 691 4698.740955137482 True 2007 24780
688751183645782016 12952560 229 56561.39737991266 True 2009 61526
688520025754304512 12952560 229 56561.39737991266 True 2009 61526
693560600471863296 35284493 319 110609.69592476489 True 2007 60859
693785810311778304 17029851 495 34403.739393939395 True 2008 104240
693629063932596224 9787555 2753 3555.2324736650926 True 2007 126061
692142338890661888 9527833 560 17013.9875 True 2007 88122
693673606279229440 46266949 904 51180.25331858407 True 2007 206490
692332739824095234 42874411 3 14291470.333333334 True 2007 139970
693492349142433792 47330103 1106 42793.94484629295 True 2007 145471
688763993633107968 12952560 229 56561.39737991266 True 2009 61526
692510002586714113 12952560 229 56561.39737991266 True 2009 61526
692707593991643136 21777849 1114 19549.236086175944 True 2007 123554
766358933296517121 57434839 120 478623.6583333333 True 2007 186620
692024256520179712 4408113 2535 1738.9005917159764 True 2008 20408
693236688538243074 47330106 1106 42793.94755877034 True 2007 145471
692692529779707904 42874411 3 14291470.333333334 True 2007 139970
693490132440129536 35284493 319 110609.69592476489 True 2007 60859
693121477491757056 12952560 229 56561.39737991266 True 2009 61526
692023417575448576 57434839 120 478623.6583333333 True 2007 186620
686422922894815233 4408113 2535 1738.9005917159764 True 2008 20408
693056396250652672 11429363 10 1142936.3 True 2008 72861
693934062445187072 57434840 120 478623.6666666667 True 2007 186620
693087256727388161 42874413 3 14291471.0 True 2007 139970
687766167558164481 11776266 115615 101.8575963326558 True 2007 35705
764620072228970496 2169702 1175 1846.5548936170212 True 2009 11968
692056985513123840 57434840 120 478623.6666666667 True 2007 186620
688096910217879554 12951419 230 56310.51739130435 True 2009 61525
692736398462300162 35284493 319 110609.69592476489 True 2007 60859
691327238353129472 11429364 10 1142936.4 True 2008 72861
693573042111270912 18953232 269 70458.11152416357 True 2007 67252
692925163994796033 3586445 6924 517.9729924898902 True 2008 33381
693102420688121856 12952560 229 56561.39737991266 True 2009 61526
692287441168900097 42874413 3 14291471.0 True 2007 139970
693456387880402944 47330123 1106 42793.96292947559 True 2007 145472
692924229017309184 1797122 661 2718.7927382753405 True 2008 32531
693481256735150082 27771676 71 391150.3661971831 True 2007 120655
761381302260031489 12952560 229 56561.39737991266 True 2009 61526
692892472729415680 35284493 319 110609.69592476489 True 2007 60859
693792605755285504 17029851 495 34403.739393939395 True 2008 104240
688437279405305856 11776266 115615 101.8575963326558 True 2007 35705
691410231549530112 12952560 229 56561.39737991266 True 2009 61526
693658242044542976 17630620 907 19438.390297684673 True 2007 116972
689833530197671936 3644607 166 21955.463855421687 True 2009 34488
767528171520524288 9787555 2753 3555.2324736650926 True 2007 126061
670380354822348801 1196549 462 2589.9329004329006 True 2009 13794
688752484966363136 12952560 229 56561.39737991266 True 2009 61526
688147918113538049 42874417 3 14291472.333333334 True 2007 139970
692267960686284800 42874417 3 14291472.333333334 True 2007 139970
684488313512800256 1196549 462 2589.9329004329006 True 2009 13794
675434959939756032 1196549 462 2589.9329004329006 True 2009 13794
665302351742275584 UNK UNK UNK UNK UNK UNK
767444114229059584 35284493 319 110609.69592476489 True 2007 60860
693082547664883712 11429364 10 1142936.4 True 2008 72861
691299810553384960 12952560 229 56561.39737991266 True 2009 61526
693676692309700609 46266958 904 51180.263274336285 True 2007 206491
767068504277344260 57434844 120 478623.7 True 2007 186620
693131575261659137 35284494 319 110609.69905956113 True 2007 60860
693855615618322432 11776266 115615 101.8575963326558 True 2007 35705
767330549262278658 35284494 319 110609.69905956113 True 2007 60860
689799953330368513 233253 2232 104.50403225806451 True 2007 12794
766452700049473536 57434844 120 478623.7 True 2007 186620
693524179597955072 35284494 319 110609.69905956113 True 2007 60860
693718533239365633 24647062 125 197176.496 True 2007 115826
692472216135569409 57434845 120 478623.7083333333 True 2007 186620
687632433483759616 42874420 3 14291473.333333334 True 2007 139970
692374052082708480 11429364 10 1142936.4 True 2008 72861
688502260779843587 12952560 229 56561.39737991266 True 2009 61526
689722724470620161 42874420 3 14291473.333333334 True 2007 139970
692127290998784001 11429364 10 1142936.4 True 2008 72861
684878165714563072 980328 2331 420.5611325611326 True 2008 37892
693234925252775936 47330117 1106 42793.9575045208 True 2007 145472
767768054163996672 35284494 319 110609.69905956113 True 2007 60860
688757736310484994 12952560 229 56561.39737991266 True 2009 61526
692816955837804544 578208 650 889.5507692307692 True 2007 7343
678733118648524800 2284770 640 3569.953125 True 2007 16028
693509689418588160 15840537 31414 504.25087540587 True 2007 31547
685232704774787072 745720 13321 55.98078222355679 True 2009 13613
767520433247809536 4071787 628 6483.737261146497 True 2008 34767
692746621218656258 4028103 3 1342701.0 True 2009 21353
693204708933160960 35284493 319 110609.69592476489 True 2007 60860
689214940679409664 4028103 3 1342701.0 True 2009 21353
764449685897568256 745720 13321 55.98078222355679 True 2009 13613
691791477912014850 11429364 10 1142936.4 True 2008 72861
693123067204243456 47330128 1106 42793.967450271244 True 2007 145472
692063305297453060 11429364 10 1142936.4 True 2008 72861
688932211714818048 2863434 98601 29.040618249307816 True 2007 31352
510916647373516800 8696999 1084 8023.061808118081 True 2009 63160
531833153145823233 9787555 2753 3555.2324736650926 True 2007 126061
407163499723624449 11494527 5669 2027.6110425119068 True 2008 84672
525088864416043008 1835931 586 3132.9880546075087 True 2007 14506
523820806917603328 1068708 768 1391.546875 True 2009 9490
528242965915779072 UNK UNK UNK UNK UNK UNK
536547921542791170 3193921 1146 2787.0165794066315 True 2008 24611
531634492528939008 7401748 972 7614.9670781893 True 2009 24521
551106923601219585 18953235 269 70458.12267657992 True 2007 67252
524944881941495809 2908538 1171 2483.8070025619127 True 2007 15238
536835346932441088 82509 1179 69.9821882951654 True 2009 681
516978780171436032 UNK UNK UNK UNK UNK UNK
524263570985340928 340333 527 645.7931688804554 True 2008 6812
524930365400821761 57434847 120 478623.725 True 2007 186620
524586367456919552 1635609 11633 140.60079085360613 True 2008 19097
525024066152169473 1285079 409 3142.002444987775 True 2009 9029
528562608463704064 15536590 1657 9376.336753168376 True 2007 96030
524950339074523137 1525 3531 0.43188898329085246 True 2009 46
528312406498635777 15536591 1657 9376.337356668679 True 2007 96030
566089610485579776 293345 10728 27.343866517524237 True 2012 1996
536962520477470720 3193921 1146 2787.0165794066315 True 2008 24611
524925600318754816 859543 71 12106.239436619719 True 2008 7702
551082055883563008 9527833 560 17013.9875 True 2007 88122
427924694663454720 7507834 1823 4118.39495337356 True 2008 44743
517416417164263424 18953236 269 70458.12639405204 True 2007 67252
531659884430106624 46266957 904 51180.26216814159 True 2007 206491
407217471473451008 UNK UNK UNK UNK UNK UNK
524933380929245184 928138 330 2812.539393939394 True 2010 4787
348203818741272576 12761 310 41.16451612903226 False 2012 197
524991240270807042 1285079 409 3142.002444987775 True 2009 9029
513749585391390720 285279 280 1018.8535714285714 True 2012 1997
510916464631889920 9527719 560 17013.78392857143 True 2007 88121
507242819623587841 3567187 808 4414.835396039604 True 2009 30414
525305690257379328 3193922 1146 2787.017452006981 True 2008 24611
536808074431184896 241629 1201 201.18984179850125 True 2010 2378
525040767317082113 14002619 7037 1989.8563308227938 True 2009 98165
509473920060104704 145174 1323 109.73091458805744 True 2009 2244
531206167302012929 618897 2039 303.5296714075527 True 2009 1468
524998384357486592 17630624 907 19438.394707828003 True 2007 116972
532297096356167680 11776266 115615 101.8575963326558 True 2007 35705
536804445678755840 3193922 1146 2787.017452006981 True 2008 24611
499679379820412928 237915 1559 152.6074406670943 True 2009 1979
518827403452637184 21777854 1114 19549.240574506282 True 2007 123555
523126268603031552 1147364 6 191227.33333333334 True 2006 11353
407159686786732032 2169702 1175 1846.5548936170212 True 2009 11968
407253554039386112 UNK UNK UNK UNK UNK UNK
514395350615203841 222520 16125 13.79968992248062 True 2013 2374
407185422523977728 504 602 0.8372093023255814 False 2009 1
427762638274437120 7507835 1823 4118.395501919912 True 2008 44743
531676808836833280 618897 2039 303.5296714075527 True 2009 1468
407212665350942720 9787556 2753 3555.2328369051943 True 2007 126061
407233172380733441 1554 74 21.0 False 2013 6
515598200796090369 5243 6360 0.8243710691823899 False 2013 9
532275347413544961 11494528 5669 2027.6112189098606 True 2008 84672
524925124303396864 1285079 409 3142.002444987775 True 2009 9029
336913656921083904 18953234 269 70458.1189591078 True 2007 67252
504243239084236800 7755 2067 3.7518142235123366 False 2008 321
538218607822770176 296638 1179 251.60135708227313 True 2009 4090
524941041301225472 7509600 513 14638.59649122807 True 2008 52543
495305620342714369 6240051 1284 4859.852803738318 True 2009 56674
520299904934371328 1366127 666 2051.241741741742 False 2013 2693
407182194206322689 313499 30 10449.966666666667 True 2007 3555
530943279161155584 11776267 115615 101.85760498205251 True 2007 35705
509478961705807872 379451 246 1542.4837398373984 True 2008 3759
517003426832453633 550151 682 806.6730205278592 True 2010 3895
509464271118688257 9527833 560 17013.9875 True 2007 88122
538256153080127489 35463 671 52.85096870342772 False 2011 93
524965786059026432 235447 8274 28.456248489243414 False 2011 3924
427662266993889280 1111217 2358 471.2540288379983 True 2007 14462
531161914689482752 417613 1314 317.8181126331811 True 2008 6295
524976526891417600 57434850 120 478623.75 True 2007 186620
527162170531151872 13932000 1 13932000.0 True 2009 18328
507261372313640961 14002619 7037 1989.8563308227938 True 2009 98165
528607634099015680 8629327 473 18243.820295983085 True 2008 22074
532602376398462976 1168140 118 9899.49152542373 False 2011 3136
407197672702214144 394557 2277 173.27931488801053 True 2007 3468
427846006600777729 2908539 1171 2483.807856532878 True 2007 15238
501881262240694272 74362 89508 0.8307860749877106 False 2008 1708
527272948680622080 235447 8274 28.456248489243414 False 2011 3924
407193347279699968 3738323 65722 56.88084659626913 True 2009 14812
504106473467944960 3135 1234 2.5405186385737437 False 2009 93
524959836778536961 7509600 513 14638.59649122807 True 2008 52543
551099691702956032 11776267 115615 101.85760498205251 True 2007 35705
524952094986350592 UNK UNK UNK UNK UNK UNK
531183173443801088 158459 260 609.4576923076924 True 2009 1757
407205404075376640 UNK UNK UNK UNK UNK UNK
535474861616148480 2088 1037 2.0135004821600773 True 2008 76
407264593027670016 30993 33690 0.919946571682992 False 2010 263
524185876931162112 43639 416 104.9014423076923 True 2010 1298
507257950868885504 14002619 7037 1989.8563308227938 True 2009 98165
524983325275197440 1285080 409 3142.00488997555 True 2009 9029
518924377791164420 9787556 2753 3555.2328369051943 True 2007 126061
523863683928457216 7509600 513 14638.59649122807 True 2008 52543
407292452060815360 5127944 5772 888.4171864171864 True 2009 11619
509464217549021184 2131834 61 34948.098360655735 True 2008 13627
524934138563133440 235447 8274 28.456248489243414 False 2011 3924
407164597511393280 UNK UNK UNK UNK UNK UNK
407213772328022016 UNK UNK UNK UNK UNK UNK
427652211414274048 UNK UNK UNK UNK UNK UNK
407176873605865472 5127944 5772 888.4171864171864 True 2009 11619
407184730988097536 3191780 69 46257.68115942029 True 2008 28233
524923293711998976 180338 2070 87.11980676328503 True 2010 1865
525041127343550464 26054 2238 11.641644325290438 True 2009 367
524976106861236226 14002619 7037 1989.8563308227938 True 2009 98165
528676615207653376 3193922 1146 2787.017452006981 True 2008 24611
407267881131732992 2169702 1175 1846.5548936170212 True 2009 11968
407176055657484289 UNK UNK UNK UNK UNK UNK
407162181059612672 2169702 1175 1846.5548936170212 True 2009 11968
536849906997415936 3193922 1146 2787.017452006981 True 2008 24611
538374385665449985 161439 3260 49.52116564417178 True 2009 5161
517053056211357696 724157 1393 519.8542713567839 True 2008 3185
562090534945431552 UNK UNK UNK UNK UNK UNK
407192126032986112 14002620 7037 1989.8564729288048 True 2009 98165
523655026485366784 87284 1261 69.21808088818398 True 2008 776
445495350171013120 602 591 1.0186125211505923 False 2014 6
524294016435634178 2845 39 72.94871794871794 True 2014 68
527286846347567104 57434853 120 478623.775 True 2007 186620
514109888138842113 1656574 2287 724.3436816790555 True 2009 8020
567765185407234049 2196152 729 3012.554183813443 True 2008 10936
514100169307348992 9527832 560 17013.985714285714 True 2007 88122
524757333608394752 15411541 528 29188.52462121212 True 2009 60423
407209892013821952 702 558 1.2580645161290323 False 2011 36
427690961280696320 11494529 5669 2027.6113953078145 True 2008 84672
436160836524965891 47330152 1106 42793.98915009041 True 2007 145472
348204426659508226 UNK UNK UNK UNK UNK UNK
407177474788057088 UNK UNK UNK UNK UNK UNK
407206094747209728 2430 3073 0.7907582167263261 False 2009 81
524935246647926784 17630521 907 19438.281146637266 True 2007 116972
551128385850601472 3720629 2451 1518.0044879640964 True 2009 17154
524950264303075328 235447 8274 28.456248489243414 False 2011 3924
519178213441167360 2256 47 48.0 False 2012 105
407262869152358400 11494529 5669 2027.6113953078145 True 2008 84672
525039784503541760 232985 484 481.37396694214874 True 2009 2444
501827465032237056 UNK UNK UNK UNK UNK UNK
525291306000846848 3193922 1146 2787.017452006981 True 2008 24611
514420223873941504 1915114 369 5190.010840108401 True 2009 6924
407181813174788096 11494529 5669 2027.6113953078145 True 2008 84672
525009850104037376 299670 163 1838.4662576687117 True 2009 2576
514451906211893248 238264 11 21660.363636363636 True 2011 2648
525301290218553344 235447 8274 28.456248489243414 False 2011 3924
525077806401994754 9527832 560 17013.985714285714 True 2007 88122
525134787778850818 15411541 528 29188.52462121212 True 2009 60423
528822281972498432 93614 63559 1.4728677291964947 False 2011 999
545271117355958272 2650083 169 15680.96449704142 True 2011 37582
519530210795216896 2693015 15032 179.15214209686002 True 2008 32553
537006518118273025 3193923 1146 2787.0183246073298 True 2008 24611
427831952826449920 1538860 887 1734.9041713641489 False 2011 15730
507918114567499776 57434861 120 478623.8416666667 True 2007 186620
510918747188514816 18953242 269 70458.14869888476 True 2007 67252
568075025418317826 18953242 269 70458.14869888476 True 2007 67252
525033697045925888 2908540 1171 2483.808710503843 True 2007 15238
536558567206420480 3193923 1146 2787.0183246073298 True 2008 24611
525005886272843776 232985 484 481.37396694214874 True 2009 2444
514098833253748736 1007515 474 2125.559071729958 True 2007 11183
524699123971534848 11776268 115615 101.85761363144921 True 2007 35705
407217865973329920 44439 476 93.35924369747899 False 2011 390
504387128013246465 7507837 1823 4118.396599012616 True 2008 44743
407179055763836928 7638210 1749 4367.186963979417 True 2009 33569
538408710084001793 666715 3740 178.26604278074868 True 2008 3538
517487705978966016 2436078 2105 1157.2817102137767 True 2010 11850
524928878075457536 2908540 1171 2483.808710503843 True 2007 15238
519131101798100992 2693015 15032 179.15214209686002 True 2008 32553
567596847330373632 UNK UNK UNK UNK UNK UNK
407192027714322432 UNK UNK UNK UNK UNK UNK
515717938025078784 4826 851 5.670975323149237 False 2012 156
509466295344304129 2419932 273 8864.21978021978 True 2008 51184
510906049549705216 UNK UNK UNK UNK UNK UNK
507263441359613953 18953242 269 70458.14869888476 True 2007 67252
407290084593913856 25011 175 142.92 False 2012 61
565999191982616577 139607 3262 42.79797670141018 True 2009 5010
524685073979678721 15411540 528 29188.522727272728 True 2009 60423
407191144880439298 UNK UNK UNK UNK UNK UNK
552615631246622721 205186 732 280.3087431693989 True 2008 6217
525116411887513602 15411540 528 29188.522727272728 True 2009 60423
519078654635409410 17630523 907 19438.28335170893 True 2007 116972
500278294055768064 15536599 1657 9376.342184671092 True 2007 96030
532231906364911616 6646507 5967 1113.8774928774928 True 2008 25723
407234399093022720 UNK UNK UNK UNK UNK UNK
295152287901417472 767610 1256 611.1544585987261 False 2009 12151
407163869673443328 427232 554 771.1768953068593 True 2009 7852
536540403109879809 UNK UNK UNK UNK UNK UNK
407174474207731712 UNK UNK UNK UNK UNK UNK
525029684095221760 235447 8274 28.456248489243414 False 2011 3924
407156621450571777 UNK UNK UNK UNK UNK UNK
525024518713397249 1097 785 1.397452229299363 False 2009 53
524962676665888769 18953243 269 70458.15241635688 True 2007 67252
407167928313081856 1656573 2287 724.3432444250109 True 2009 8020
562387516964491265 60576 85 712.6588235294117 True 2008 2069
516729950091493376 413176 202 2045.4257425742574 True 2009 1485
407184707118309376 11776268 115615 101.85761363144921 True 2007 35705
554722567224049664 3076621 627 4906.891547049442 True 2009 23034
517051126466625536 UNK UNK UNK UNK UNK UNK
504131150429061121 UNK UNK UNK UNK UNK UNK
524958128392376320 17630523 907 19438.28335170893 True 2007 116972
534205316620382208 235447 8274 28.456248489243414 False 2011 3924
524935769614331904 18953243 269 70458.15241635688 True 2007 67252
407188779255222273 6646507 5967 1113.8774928774928 True 2008 25723
407248574099894272 11775580 115613 101.85342478786987 True 2007 35701
536991428694376448 241629 1201 201.18984179850125 True 2010 2378
407169885345943552 2025 2590 0.7818532818532818 False 2010 14
524961721744900097 1285080 409 3142.00488997555 True 2009 9029
407198255793987584 UNK UNK UNK UNK UNK UNK
407158558158254081 5127943 5772 888.4170131670131 True 2009 11619
552498516225179650 6584050 2907 2264.8950808393533 True 2007 23939
551097831851687938 2439104 258932 9.419863130088208 True 2008 18992
514106939173634048 18953246 269 70458.16356877323 True 2007 67252
436146437530075136 124100 35503 3.4954792552742022 False 2009 652
514098803347951616 235447 8274 28.456248489243414 False 2011 3924
524970097711267841 7173 476 15.069327731092438 True 2012 102
510921017972514817 38467 3622 10.620375483158476 True 2008 1474
566999951449001984 38800 24422 1.5887314716239456 False 2013 564
523581212175392768 286356 1254 228.35406698564594 True 2008 6749
504304227246538752 4071790 628 6483.74203821656 True 2008 34767
532203605236154368 37742 289 130.59515570934255 False 2009 400
529747368087126019 UNK UNK UNK UNK UNK UNK
532276370953752576 7507838 1823 4118.397147558969 True 2008 44743
524941504796962816 2908540 1171 2483.808710503843 True 2007 15238
531648145613398016 618897 2039 303.5296714075527 True 2009 1468
407223928084766721 3224466 2759 1168.7082276187025 True 2008 22615
427944719612915712 15536599 1657 9376.342184671092 True 2007 96030
532197572698320896 5409954 908 5958.099118942731 True 2008 22141
551159366876147714 14002621 7037 1989.856615034816 True 2009 98165
513779458340569088 6584051 2907 2264.8954248366013 True 2007 23939
532276693931945984 6316149 339 18631.70796460177 True 2008 38774
528237933661544448 15536604 1657 9376.3452021726 True 2007 96030
407167258452971520 331341 710 466.6774647887324 True 2009 2175
574004164570841088 15411541 528 29188.52462121212 True 2009 60423
407209131351629824 330327 1729 191.0508964719491 True 2009 4060
524925033626738688 66432 811 81.91368680641183 True 2009 1056
407231740764508161 UNK UNK UNK UNK UNK UNK
407205009676587009 449763 286179 1.5716142693908357 True 2009 6141
531085761521528834 6584051 2907 2264.8954248366013 True 2007 23939
524948703850029056 235447 8274 28.456248489243414 False 2011 3924
510931521306243072 18953242 269 70458.14869888476 True 2007 67252
551103664124100608 4071791 628 6483.743630573248 True 2008 34767
524593547807178753 805111 771 1044.242542153048 True 2007 4426
407290871856369664 874163 681397 1.2828982223285397 False 2012 523
524950507023245313 121364 748 162.25133689839572 True 2008 2374
524947149134774272 232985 484 481.37396694214874 True 2009 2444
523026678419714048 5963528 3901 1528.717764675724 True 2008 21578
504244627680272384 UNK UNK UNK UNK UNK UNK
436157398269849602 117742 434 271.29493087557603 True 2009 848
562313802369073153 15411541 528 29188.52462121212 True 2009 60423
516321020815228929 1325830 114 11630.087719298246 True 2012 9593
551575491430211584 18953247 269 70458.16728624536 True 2007 67252
525411618231169025 UNK UNK UNK UNK UNK UNK
535474881090322432 14002621 7037 1989.856615034816 True 2009 98165
336873759271157760 766474 1017 753.661750245821 True 2011 5245
519112613800972288 17630523 907 19438.28335170893 True 2007 116972
510908595144519680 1187626 4243 279.9024275276927 True 2008 6466
525408908484280321 2522309 2310 1091.908658008658 True 2008 13996
536827853669941248 3193922 1146 2787.017452006981 True 2008 24611
407275991610818560 UNK UNK UNK UNK UNK UNK
536826622725218304 114263 446 256.195067264574 True 2014 1902
524991067675189250 2908540 1171 2483.808710503843 True 2007 15238
527308173112139776 482884 454 1063.6211453744493 True 2007 4364
525024181218725888 232985 484 481.37396694214874 True 2009 2444
536738726693847041 UNK UNK UNK UNK UNK UNK
524929796862918656 1915114 369 5190.010840108401 True 2009 6924
524979548195024898 1525 3531 0.43188898329085246 True 2009 46
504109775358287872 1090 3820 0.28534031413612565 False 2013 21
536871550184869888 114263 446 256.195067264574 True 2014 1902
407231591191035904 5908 889 6.645669291338582 False 2012 98
407197113286545409 14278 1 14278.0 False 2011 535
407209222850756608 512 262 1.9541984732824427 False 2013 6
407253198395555840 2650083 169 15680.96449704142 True 2011 37582
524923341359300608 1285080 409 3142.00488997555 True 2009 9029
536504515843727361 181270 945 191.82010582010582 True 2013 2030
407244865018155008 1094 1008 1.0853174603174602 False 2011 3
524988712367955970 14002621 7037 1989.856615034816 True 2009 98165
562093717201616896 4049045 635 6376.4488188976375 True 2007 15577
407254590363426816 3738323 65722 56.88084659626913 True 2009 14812
524928119955013632 1285080 409 3142.00488997555 True 2009 9029
407161635439013888 1300 114 11.403508771929825 False 2013 3
562256876763901953 15946540 5294 3012.1911598035513 True 2009 59071
551135925862805504 18953251 269 70458.18215613383 True 2007 67252
527138218505175040 484080 101 4792.8712871287125 True 2012 4263
407169699559247872 4408113 2535 1738.9005917159764 True 2008 20408
407198615137181696 27655 23765 1.1636860929938986 False 2012 81
523943647449198592 2055721 2360 871.068220338983 True 2008 23370
515538937058971648 249076 3588 69.41917502787068 True 2012 3757
509464457836511232 2480674 863 2874.4774044032447 True 2010 2086
510922415468449792 478405 6745 70.92735359525574 True 2007 1679
407262953533353984 821677 226 3635.738938053097 True 2008 20651
535579674152148992 60541 81 747.4197530864197 True 2008 659
527947775905103872 7401750 972 7614.969135802469 True 2009 24521
522321383716818944 7509602 513 14638.600389863548 True 2008 52543
537913349338435584 59088 604 97.82781456953643 False 2010 1028
532275383430041600 5409956 908 5958.101321585903 True 2008 22141
514201362729828352 57434870 120 478623.9166666667 True 2007 186620
524312881823637504 6282124 428 14677.859813084113 True 2009 17704
525040836757958657 2908541 1171 2483.8095644748078 True 2007 15238
427689948398231552 14002621 7037 1989.856615034816 True 2009 98165
407191058108256257 3407 4664 0.7304888507718696 False 2012 4
514057033419849728 1656573 2287 724.3432444250109 True 2009 8020
407187197427593217 344651 72708 4.740207404962315 False 2010 1285
524976963862429697 47330180 1106 42794.01446654611 True 2007 145473
514478918636535808 7507841 1823 4118.3987931980255 True 2008 44743
560873850846846978 UNK UNK UNK UNK UNK UNK
516804849619705859 UNK UNK UNK UNK UNK UNK
528341588867416064 249076 3588 69.41917502787068 True 2012 3757
489820657291911168 7509602 513 14638.600389863548 True 2008 52543
532239131540467712 19574 20128 0.9724761526232114 False 2010 320
532281981795848192 321744 2607 123.41542002301496 True 2010 4055
539115704285270017 1037 366 2.8333333333333335 False 2014 17
560133068670140417 UNK UNK UNK UNK UNK UNK
514535408126795776 63651 3837 16.588741204065677 True 2009 3083
516636338679197697 UNK UNK UNK UNK UNK UNK
504419526998360064 593792 1053 563.9050332383666 True 2008 3721
489800427152879616 15536604 1657 9376.3452021726 True 2007 96030
509084603617792001 9061 7522 1.2045998404679608 False 2011 274
568568737621630977 UNK UNK UNK UNK UNK UNK
387031585834278912 55510 1421 39.064039408866996 False 2009 1522
514508854990999553 75008 3633 20.646297825488578 True 2008 1002
489836271049928704 9787556 2753 3555.2328369051943 True 2007 126061
524178388282802176 26032 170 153.12941176470588 True 2013 284
553960736964476928 14829 2049 7.2371888726207905 False 2011 762
521098692326350848 27771701 71 391150.71830985916 True 2007 120656
547807913671405568 123788 203 609.7931034482758 False 2013 1410
387030572779847680 178982 1336 133.9685628742515 False 2009 3190
365276206381268995 17630524 907 19438.284454244764 True 2007 116972
495365942726381568 408217 2043 199.81253059226628 True 2013 2550
501768276523761666 7507842 1823 4118.399341744377 True 2008 44743
520284654755381249 9787556 2753 3555.2328369051943 True 2007 126061
561952533942661120 UNK UNK UNK UNK UNK UNK
489796998615547904 209049 2192 95.36906934306569 True 2011 3588
504448356584677377 7392 397 18.61964735516373 False 2009 431
524144369235140608 5511 3 1837.0 False 2013 284
542860306603868160 2188855 17791 123.03158900567703 True 2008 15583
552146635707666433 1062647 11679 90.98784142477952 True 2008 9913
532259028152246272 322888 4824 66.93366500829187 True 2008 1755
531565935128498176 357330 1507 237.11347047113472 True 2012 4529
547158281005719552 441898 4301 102.74308300395256 True 2008 2152
510286132568150016 UNK UNK UNK UNK UNK UNK
455525437351800832 565869 14619 38.707777549764 True 2009 3041
365497016098369536 3076621 627 4906.891547049442 True 2009 23034
507634536176300032 2299960 2458 935.7038242473556 True 2009 4521
532106726539939841 241629 1201 201.18984179850125 True 2010 2378
535507913226190849 UNK UNK UNK UNK UNK UNK
319166636902998016 85774 12 7147.833333333333 False 2011 358
372489152903643136 287065 939 305.71352502662404 True 2010 2922
534409916560461825 7509605 513 14638.606237816764 True 2008 52543
521533372280369152 5409956 908 5958.101321585903 True 2008 22141
534303066867367937 3193926 1146 2787.020942408377 True 2008 24611
529088963420909569 1070532 190896 5.607933115413628 True 2009 3878
365052155385749505 3076621 627 4906.891547049442 True 2009 23034
489802446001434625 1187628 4243 279.9028988922932 True 2008 6466
553098571323437056 9912 9964 0.9947812123645122 False 2013 273
514517213022543872 3781478 355 10652.050704225352 True 2009 10887
531973383198887936 2014640 737 2733.5685210312076 True 2008 11041
555072815154475008 15411543 528 29188.528409090908 True 2009 60423
514555852351479808 805207 705 1142.1375886524822 True 2008 6567
531108688749404160 4397 138 31.86231884057971 False 2011 45
514540926640087040 2920659 282 10356.946808510638 True 2009 33105
553040930144792576 11494527 5669 2027.6110425119068 True 2008 84672
514512849876836352 443 404 1.0965346534653466 False 2012 4
531833233143783424 181270 945 191.82010582010582 True 2013 2030
518665533089406976 3076621 627 4906.891547049442 True 2009 23034
436001434212249600 70242 5636 12.463094393186656 False 2010 1192
387041762331471872 24853 664 37.42921686746988 False 2009 379
489975398151618560 3246841 691 4698.756874095514 True 2007 24780
534543768653807618 26055 27084 0.9620070890562694 False 2011 189
515918632178577408 19574 20128 0.9724761526232114 False 2010 320
553136604882014208 2862884 748 3827.385026737968 True 2008 18547
523098334421319680 112745 430 262.19767441860466 False 2012 42
514062859987595264 263368 1835 143.52479564032697 True 2011 3292
560207034545889281 1846863 4198 439.9387803716055 True 2010 3662
504450741126582275 34644 1046 33.120458891013385 True 2011 258
513015596879867904 2446944 2879672 0.8497301081512061 False 2009 4963
489833932813516800 15536609 1657 9376.34821967411 True 2007 96030
534678919656775680 3193927 1146 2787.021815008726 True 2008 24611
544154048950435840 1635610 11633 140.60087681595462 True 2008 19097
534461459938304001 1409 43 32.76744186046512 False 2014 0
496698590153416704 UNK UNK UNK UNK UNK UNK
523535962962280448 985 252 3.9087301587301586 False 2009 45
489970164469751808 8792 5415 1.6236380424746075 True 2009 207
538847758032310272 6514 714 9.123249299719888 True 2009 363
538729383662338049 1034033 969 1067.1135190918474 True 2009 8655
538930446814703616 141982 634 223.94637223974763 True 2009 1861
524211911668543488 583979 718 813.341225626741 True 2007 11940
553103772852191233 2744 808 3.396039603960396 False 2009 114
504433135036407808 790630 211 3747.0616113744077 False 2011 3396
528976109518721024 1485686 139 10688.388489208633 True 2009 20100
549599086073368576 82467 3875 21.281806451612905 True 2009 1744
540643709465812992 UNK UNK UNK UNK UNK UNK
552677176873455616 25488 18226 1.398441786458905 False 2009 500
482880640560271361 766474 1017 753.661750245821 True 2011 5245
568905632998412288 1133050 971 1166.8898043254376 True 2011 4360
356297080169447425 1321 1521 0.8685075608152532 False 2012 2
506784541696991232 7507842 1823 4118.399341744377 True 2008 44743
386682163862986752 419411 2431 172.52612093788565 True 2008 10553
265953285247209472 12654477 5128 2467.7217238689545 True 2009 11739
524320261667950592 2521790 850 2966.8117647058825 True 2009 12441
357300409292959744 506 503 1.0059642147117296 False 2009 18
489798752438583297 UNK UNK UNK UNK UNK UNK
557885928417816576 10502 668 15.721556886227544 True 2012 255
489872500462190593 206286 2362 87.33530906011855 True 2008 6505
514546272972574721 11494527 5669 2027.6110425119068 True 2008 84672
524152657783820288 480451 2745 175.02768670309655 True 2010 573
356310469390245888 28276 18365 1.539667846447046 False 2009 167
524289058290159616 2862885 748 3827.3863636363635 True 2008 18547
530017051025604609 UNK UNK UNK UNK UNK UNK
387006553124896768 807583 5742 140.64489724834553 True 2009 7814
490141776984825856 47330198 1106 42794.03074141049 True 2007 145473
570405783306944514 11776271 115615 101.85763957963933 True 2007 35705
528240834660298753 UNK UNK UNK UNK UNK UNK
553271856786968576 25488 18226 1.398441786458905 False 2009 500
497073936077959169 5409956 908 5958.101321585903 True 2008 22141
376982539132366848 UNK UNK UNK UNK UNK UNK
489818014364086273 832371 40 20809.275 True 2009 11178
521663202183348224 861809 332 2595.8102409638554 True 2008 6475
490136764619948032 9787555 2753 3555.2324736650926 True 2007 126061
560187970389819392 UNK UNK UNK UNK UNK UNK
520132836594970625 241629 1201 201.18984179850125 True 2010 2378
356437941641416705 11637 6734 1.7280962280962282 False 2009 18
560442390805090307 146572 2 73286.0 True 2008 3103
559863517151784960 1846863 4198 439.9387803716055 True 2010 3659
356268980211687424 4276 2383 1.7943768359211079 False 2010 66
295944137948151809 UNK UNK UNK UNK UNK UNK
377002232257855488 2527668 1 2527668.0 False 2007 8238
554688527435563008 615731 2531 243.27578032398262 True 2008 3316
524227209976745984 UNK UNK UNK UNK UNK UNK
516856061182345216 1087411 70 15534.442857142858 True 2009 3639
524206851450486785 772523 236 3273.4025423728813 True 2008 12784
504500863944376321 UNK UNK UNK UNK UNK UNK
543586319168196608 7507843 1823 4118.39989029073 True 2008 44743
532284428542681088 3193927 1146 2787.021815008726 True 2008 24611
534445263528947712 21777865 1114 19549.250448833034 True 2007 123555
514072132301910016 761573 1214 627.3253706754531 True 2007 11433
520630231531802624 4154974 6333 656.0830570030001 True 2008 18096
553115236992290816 3193926 1146 2787.020942408377 True 2008 24611
568589712644026368 46988 1056 44.496212121212125 False 2009 1021
532199717594497024 530473 992 534.7510080645161 True 2009 4297
509114008587100160 11776271 115615 101.85763957963933 True 2007 35705
537355288295518210 3703 1357 2.7288135593220337 False 2008 104
436074888638763008 11962 9481 1.2616812572513447 False 2012 83
470025166760980483 243518 201085 1.2110202153318248 False 2009 3234
514495841600811009 17029862 495 34403.76161616162 True 2008 104240
514429381737852929 898249 125 7185.992 True 2008 18816
553190393370923008 2337 1642 1.42326431181486 False 2014 204
553264892799488000 UNK UNK UNK UNK UNK UNK
524191650420367360 6966 374 18.62566844919786 False 2010 297
501774251901198336 11470 2836 4.044428772919605 False 2014 236
514081464171102208 2196155 729 3012.5582990397806 True 2008 10936
539254751343681536 6906 5831 1.1843594580689418 False 2010 281
522553662996901888 UNK UNK UNK UNK UNK UNK
513437031020916738 1230 220 5.590909090909091 False 2014 8
490080544949276672 17630525 907 19438.285556780596 True 2007 116973
387220814531395584 7507843 1823 4118.39989029073 True 2008 44743
450341615979069440 5963529 3901 1528.7180210202512 True 2008 21578
534392174876839936 3193926 1146 2787.020942408377 True 2008 24611
91728807081426944 UNK UNK UNK UNK UNK UNK
489836441120145408 12664645 15 844309.6666666666 True 2009 12732
553115168084074497 181270 945 191.82010582010582 True 2013 2030
532206910796468224 2920521 282 10356.45744680851 True 2009 33102
369506008172740608 6858 1414 4.8500707213578504 True 2011 138
358591089462099968 11429365 10 1142936.5 True 2008 72861
539813330983354368 13572 3116 4.355584082156611 False 2011 492
519868410599993344 UNK UNK UNK UNK UNK UNK
552112474913136641 2847326 715 3982.2741258741257 True 2008 8541
80084555733803009 9787557 2753 3555.233200145296 True 2007 126061
514150992552931328 66573 1 66573.0 False 2013 605
550038665653542913 2019048 11102 181.86344802738245 True 2009 18148
489794369487380480 UNK UNK UNK UNK UNK UNK
534337548680978432 3193926 1146 2787.020942408377 True 2008 24611
534364937939062784 3193926 1146 2787.020942408377 True 2008 24611
489812926828924928 47330207 1106 42794.03887884268 True 2007 145473
518981379963777025 15411545 528 29188.532196969696 True 2009 60423
366205297557110784 3076623 627 4906.894736842105 True 2009 23034
532246457609244672 241617 1201 201.17985012489592 True 2010 2378
514517470238240768 2893066 145 19952.17931034483 True 2007 45785
549124560793374720 3193926 1146 2787.020942408377 True 2008 24611
539658034382123008 18701 2907 6.433092535259718 False 2008 767
505611045897924608 2171 47 46.191489361702125 False 2013 51
529857740059860992 69588 34 2046.7058823529412 False 2010 742
554979642210549760 14002622 7037 1989.856757140827 True 2009 98165
528389559441444864 233288 199239 1.1708952564507953 False 2014 996
387281927427727360 9246 1088 8.498161764705882 True 2011 514
538166788484509696 46109 43842 1.051708407463163 False 2009 330
491591245152935936 47330205 1106 42794.03707052441 True 2007 145473
387353560356118528 658858 8029 82.05978328558973 True 2007 11166
273278761909239808 11429365 10 1142936.5 True 2008 72861
568580363339091968 5937 1 5937.0 False 2014 109
518620083342835712 43948 5982 7.34670678702775 True 2007 2509
520244836084228096 9787557 2753 3555.233200145296 True 2007 126061
380140114552188928 11776271 115615 101.85763957963933 True 2007 35705
489867900296368129 9787557 2753 3555.233200145296 True 2007 126061
505369323922522113 UNK UNK UNK UNK UNK UNK
435998882250899456 UNK UNK UNK UNK UNK UNK
521717368264093696 36830 830 44.373493975903614 True 2009 1024
521789009576476673 127771 350 365.06 True 2008 884
436089462326849536 3363 4663 0.7212095217671027 False 2012 14
357299879070023680 502478 522 962.6015325670498 True 2009 1813
387050178932654080 58838 30353 1.9384574836095279 False 2008 680
489794696013967360 UNK UNK UNK UNK UNK UNK
501474962935648256 77716402 47 1653540.4680851065 True 2009 119760
506118402466152449 UNK UNK UNK UNK UNK UNK
489798219283857408 209050 2192 95.36952554744525 True 2011 3588
538129041539092480 1034033 969 1067.1135190918474 True 2009 8655
570341828479725570 9983 2387 4.182237117720988 False 2010 167
532851585408593920 4102 346 11.855491329479769 True 2009 69
532208816692416512 6584053 2907 2264.8961128310975 True 2007 23939
525711899359318016 112745 430 262.19767441860466 False 2012 42
501760566160289794 6698 4421 1.5150418457362587 True 2010 184
539833716852273152 UNK UNK UNK UNK UNK UNK
495583434954514432 23071 81 284.82716049382714 False 2014 965
504652021601800193 32729 773 42.340232858990944 True 2009 540
524168442841010176 3193926 1146 2787.020942408377 True 2008 24611
547803254516490240 616930 580 1063.6724137931035 True 2007 12844
387237225286479872 17976 10060 1.7868787276341949 False 2013 685
553016500492439552 868231 128013 6.782365853468007 True 2012 6114
569908998717243392 UNK UNK UNK UNK UNK UNK
387233034350514176 11998 601 19.96339434276206 False 2011 296
568571403756294144 UNK UNK UNK UNK UNK UNK
537377960471166976 1034033 969 1067.1135190918474 True 2009 8655
428366153149194240 UNK UNK UNK UNK UNK UNK
519867098945044480 2196156 729 3012.559670781893 True 2008 10936
520338188213444608 17630531 907 19438.29217199559 True 2007 116973
489816746405007360 983431 895 1098.8055865921788 True 2013 11737
513922322915282945 152525 75625 2.0168595041322313 True 2009 923
387309869080281088 UNK UNK UNK UNK UNK UNK
524317344730869760 UNK UNK UNK UNK UNK UNK
514483762566922240 18997 1405 13.520996441281138 False 2010 375
489974591985840128 17630531 907 19438.29217199559 True 2007 116973
507354546041925632 11776271 115615 101.85763957963933 True 2007 35705
553186555150749696 22638 2977 7.6042996305005035 True 2007 1011
540333359793451008 UNK UNK UNK UNK UNK UNK
519704006826807296 5409957 908 5958.102422907489 True 2008 22141
554886875303780352 2862888 748 3827.390374331551 True 2008 18547
366025766183514112 1538862 887 1734.9064261555807 False 2011 15730
532255606623989760 1231918 2478 497.1420500403551 True 2009 8406
489874311143260160 1007515 474 2125.559071729958 True 2007 11183
524181699043663872 1187629 4243 279.9031345745934 True 2008 6466
380055172896272384 17773 144 123.42361111111111 False 2013 80
514550436377137152 3712822 197 18846.812182741116 True 2007 25660
572002458647412736 155629 116 1341.6293103448277 True 2011 981
436215971272212480 UNK UNK UNK UNK UNK UNK
489902412900343809 9787557 2753 3555.233200145296 True 2007 126061
495366618818830336 106498 604 176.32119205298014 False 2010 1613
489854703321509888 3193926 1146 2787.020942408377 True 2008 24611
523555724807262208 UNK UNK UNK UNK UNK UNK
491200302365040640 10374830 370 28040.08108108108 True 2007 41727
519921456730607616 5409957 908 5958.102422907489 True 2008 22141
509031495101874176 6584053 2907 2264.8961128310975 True 2007 23939
559787890402541568 UNK UNK UNK UNK UNK UNK
436157173161144321 27008 4047 6.673585371880406 False 2012 11
543319210659971073 17029868 495 34403.77373737374 True 2008 104240
356407105953071107 61365 1087 56.453541858325664 True 2008 480
364589696573124609 1538862 887 1734.9064261555807 False 2011 15730
519935535083565056 49796 255 195.27843137254902 True 2010 377
504441156575297536 572181 1368 418.2609649122807 True 2009 2910
532284831783460864 1635610 11633 140.60087681595462 True 2008 19097
514067907475959808 235447 8274 28.456248489243414 False 2011 3924
553099685888790528 241629 1201 201.18984179850125 True 2010 2378
568452856224747520 UNK UNK UNK UNK UNK UNK
547509900130021377 28864 1321 21.85011355034065 True 2010 533
372901260183494656 1538862 887 1734.9064261555807 False 2011 15730
519375764165509121 3076623 627 4906.894736842105 True 2009 23034
509152237503778816 6584053 2907 2264.8961128310975 True 2007 23939
387236601450864641 17976 10060 1.7868787276341949 False 2013 685
365056836476481537 3076623 627 4906.894736842105 True 2009 23034
542423103834296323 5901811 570 10354.054385964911 True 2009 37748
524176293450223616 16463 449 36.665924276169264 True 2011 204
526459255147491328 3586449 6924 517.9735701906412 True 2008 33381
538851683141304320 UNK UNK UNK UNK UNK UNK
504830161993609216 2769 513 5.39766081871345 False 2012 96
521790189715615744 UNK UNK UNK UNK UNK UNK
436195672677953536 UNK UNK UNK UNK UNK UNK
521496155310796800 272200 5313 51.232825145868624 False 2012 1858
523566838958284801 UNK UNK UNK UNK UNK UNK
489798752358916096 209050 2192 95.36952554744525 True 2011 3588
535315394127728641 5409959 908 5958.104625550661 True 2008 22141
519447199164665856 46267023 904 51180.33517699115 True 2007 206492
538724882461097986 1034033 969 1067.1135190918474 True 2009 8655
538412662858588160 1538861 887 1734.9052987598648 False 2011 15730
523562674487975937 UNK UNK UNK UNK UNK UNK
504478567062056962 4642 521 8.90978886756238 True 2010 243
548672230134382592 UNK UNK UNK UNK UNK UNK
507454543169617920 11494526 5669 2027.610866113953 True 2008 84672
387009577763360768 2188854 17791 123.03153279748187 True 2008 15583
532007252677656576 96891 974 99.47741273100615 True 2008 1545
370855596050108416 14002624 7037 1989.8570413528491 True 2009 98165
326137285450018817 UNK UNK UNK UNK UNK UNK
524881688825167872 1944550 9298 209.13637341363733 True 2009 10520
534278078105944064 3193927 1146 2787.021815008726 True 2008 24611
554597409351671808 UNK UNK UNK UNK UNK UNK
501781217411215360 108996 3558 30.634064080944352 False 2012 2068
519962130859429888 77716477 47 1653542.0638297873 True 2009 119760
518830518792892416 14002624 7037 1989.8570413528491 True 2009 98165
386998038004113409 14560 773 18.835705045278136 True 2013 633
491241885399539712 3193928 1146 2787.022687609075 True 2008 24611
318263294098030593 249334 16 15583.375 False 2013 1209
553169307824177152 3193928 1146 2787.022687609075 True 2008 24611
544567299102244864 300211 5939 50.549082337093786 True 2008 2505
558312304753016832 3680026 444 8288.346846846847 True 2009 6065
550095745161134080 1656574 2287 724.3436816790555 True 2009 8020
544523550519218176 UNK UNK UNK UNK UNK UNK
740791134146965504 367156 17182 21.368641601676174 True 2009 2627
536915851233202176 281746 1299 216.89453425712085 True 2011 599
522443333831262208 241442 1240 194.71129032258065 True 2011 4675
752965545528528898 7475805 1719 4348.926701570681 True 2008 32001
724603564946010112 1325830 114 11630.087719298246 True 2012 9593
742050150307246080 52261 33113 1.5782623138948448 False 2008 1334
744390771869102080 UNK UNK UNK UNK UNK UNK
531524882325311488 4028114 3 1342704.6666666667 True 2009 21353
500391222075076610 10134 859 11.797438882421421 True 2011 234
652349108653551616 11494527 5669 2027.6110425119068 True 2008 84672
733242244522725376 78305 38187 2.0505669468667347 False 2013 588
705093513076015104 235447 8274 28.456248489243414 False 2011 3924
547587399728267264 805003 771 1044.1024643320363 True 2007 4426
522654603675176960 2522306 2310 1091.9073593073592 True 2008 13996
533811170889568256 152526 75625 2.016872727272727 True 2009 923
533734824905670656 7393675 1931 3828.935784567582 True 2010 19266
727854332188577792 UNK UNK UNK UNK UNK UNK
723521076446142465 766403 1274 601.572213500785 True 2009 2075
535257207991205888 92773 1459 63.58670322138451 True 2013 561
516727880571572225 934457 283 3301.9681978798585 True 2014 16709
650710483289419776 518616 2 259308.0 False 2012 2485
500413818368184321 185494 137560 1.3484588543181157 False 2010 3131
503498696273965056 3328396 337 9876.545994065282 True 2009 13235
724703995147751424 4071799 628 6483.756369426752 True 2008 34766
514308277803294721 2446944 2879672 0.8497301081512061 False 2009 4963
714531423273746432 35436 3304 10.725181598062955 False 2011 869
520265722967375872 21777879 1114 19549.26301615799 True 2007 123555
517712193841037312 2013224 493 4083.6186612576066 True 2012 690
715671763808493569 120061 106534 1.1269735483507612 False 2009 1004
763428684850094080 UNK UNK UNK UNK UNK UNK
728631482722308096 668360 2779 240.5037783375315 True 2012 3972
757450526153900032 405105 417 971.4748201438849 True 2007 5404
742571519105077248 UNK UNK UNK UNK UNK UNK
727179214546456577 1325830 114 11630.087719298246 True 2012 9593
655812191233417216 47558 42623 1.1157825587124321 False 2010 318
726043971911213057 1325830 114 11630.087719298246 True 2012 9593
516361247223058432 UNK UNK UNK UNK UNK UNK
727187859367546880 186777 57264 3.2616827326068734 False 2009 447
707786906189303808 13506 6 2251.0 False 2016 23
500286058664579072 9787557 2753 3555.233200145296 True 2007 126061
500295393301647360 UNK UNK UNK UNK UNK UNK
775672628493357057 2138562 2061 1037.6331877729258 True 2009 5613
742114513726623744 254176 67 3793.6716417910447 True 2008 5051
516358319317852160 235447 8274 28.456248489243414 False 2011 3924
522692223952228353 263367 1835 143.5242506811989 True 2011 3292
715268937873760256 11494527 5669 2027.6110425119068 True 2008 84672
757190314880884736 49818 4373 11.392179281957466 False 2012 768
711994705333112832 905783 3052 296.78342070773266 True 2009 15635
524925730053181440 1285083 409 3142.012224938875 True 2009 9029
516545908813475841 226348 175409 1.2904012906977407 False 2008 2312
524929497205055488 9527837 560 17013.994642857142 True 2007 88122
535282587325833216 25683 2238 11.475871313672922 True 2013 593
531193369465470976 UNK UNK UNK UNK UNK UNK
524937542131793920 3702 318 11.641509433962264 True 2013 58
500270780832174080 116984 317 369.0347003154574 True 2008 4144
652300118205427716 UNK UNK UNK UNK UNK UNK
500281131057811456 UNK UNK UNK UNK UNK UNK
778625026144792577 209925 3943 53.239918843520165 True 2008 5506
525032872647065600 270346 2372 113.97386172006745 True 2012 5062
500307001629745152 UNK UNK UNK UNK UNK UNK
500381163866062848 280491 657 426.9269406392694 True 2008 9338
650952376954650629 148793 3809 39.06353373588868 True 2009 1919
525008463819464704 8735 2140 4.081775700934579 True 2007 512
531526274003771392 9527837 560 17013.994642857142 True 2007 88122
516411927506206721 663559 5794 114.52519848118743 True 2009 9010
742055437932040193 UNK UNK UNK UNK UNK UNK
716092408920936448 UNK UNK UNK UNK UNK UNK
701975210044497921 39335 3430 11.46793002915452 True 2010 676
500278045597368320 3076625 627 4906.897926634769 True 2009 23034
757748522481491968 188773 82778 2.28047307255551 False 2011 1129
755548076438196225 UNK UNK UNK UNK UNK UNK
553579224402235393 10374839 370 28040.105405405404 True 2007 41727
763738618573623297 UNK UNK UNK UNK UNK UNK
763524712853102596 108030 97684 1.105912943777896 False 2010 403
537976883150077952 3076625 627 4906.897926634769 True 2009 23034
724661834419048448 1133 370 3.062162162162162 False 2012 44
715515982584881152 1139676 715 1593.9524475524477 True 2009 8696
531300385248800768 2055721 2360 871.068220338983 True 2008 23370
640118021101604864 2920660 282 10356.95035460993 True 2009 33106
751856580874960897 3817 1183 3.2265426880811496 False 2010 72
516475930097643520 75228 963 78.11838006230529 False 2011 856
503714147138166784 17506 301 58.159468438538205 False 2008 262
500298752469770240 74894 69257 1.0813924946214823 False 2010 1503
510507736287961088 2055721 2360 871.068220338983 True 2008 23370
547525843749470208 11776271 115615 101.85763957963933 True 2007 35705
516390549012480001 79145 913 86.6867469879518 True 2009 1235
714998347111669760 11815025 1460 8092.482876712329 True 2010 22464
716416753409081344 51943 24479 2.121941255770252 False 2009 1926
521922785254580225 402087 7 57441.0 True 2012 2233
728038172270198787 294003 1036 283.7866795366795 False 2012 1263
539799806039052288 499653 923 541.3358613217769 True 2009 2740
730516765525082112 254176 67 3793.6716417910447 True 2008 5051
747443219487678464 241708 31886 7.58038010412093 True 2011 3236
723511860516016128 545894 14344 38.05730619074178 True 2009 6356
500294803402137600 7507847 1823 4118.402084476138 True 2008 44743
707405809181917184 3726498 265 14062.256603773585 True 2007 27690
538010064591028224 5271 15 351.4 False 2013 91
653285570383335424 215194 4908 43.84555827220864 True 2014 258
732971411157880832 UNK UNK UNK UNK UNK UNK
763896522790440960 UNK UNK UNK UNK UNK UNK
730939370765754368 UNK UNK UNK UNK UNK UNK
580325090367315968 619209 591 1047.7309644670052 True 2010 5237
778530869208190976 11758 5125 2.294243902439024 False 2016 151
755523157700648960 121606 1272 95.60220125786164 False 2015 104
716448280201269248 9023 4255 2.120564042303173 False 2015 92
640182854928961536 3193928 1146 2787.022687609075 True 2008 24611
500319801344929795 545894 14344 38.05730619074178 True 2009 6356
532928419051622400 42874502 3 14291500.666666666 True 2007 139970
544287209730236416 92773 1459 63.58670322138451 True 2013 561
553538058440941568 14002626 7037 1989.8573255648714 True 2009 98165
500284699546517505 121408 4960 24.47741935483871 True 2011 2008
778681502825451520 382435 769 497.3146944083225 True 2010 5318
521788572933062657 UNK UNK UNK UNK UNK UNK
521772674155286528 66939 58371 1.146785218687362 False 2009 670
516682897864916992 898250 125 7186.0 True 2008 18816
516386101766782976 UNK UNK UNK UNK UNK UNK
553550301886955520 21777882 1114 19549.265709156192 True 2007 123555
652982112870662144 11494528 5669 2027.6112189098606 True 2008 84672
742012307694223361 241708 31886 7.58038010412093 True 2011 3236
544328894812549121 3076625 627 4906.897926634769 True 2009 23034
663744139666804736 117467 80989 1.450406845374063 True 2013 1685
715253497462145024 1007514 474 2125.5569620253164 True 2007 11183
531525016794697729 14002626 7037 1989.8573255648714 True 2009 98165
500378522788315137 17630539 907 19438.30099228225 True 2007 116974
740748123581087745 28757 7228 3.9785556170448255 True 2009 1083
576829262927413248 31143 17378 1.7920934514903901 False 2009 608
500280422295937024 781165 6719 116.2620925732996 True 2009 5835
499366666300846081 420400 353 1190.9348441926345 False 2010 3605
722885778448121857 254176 67 3793.6716417910447 True 2008 5051
732004388181434368 1014277 155 6543.7225806451615 True 2009 10151
716451800581279744 UNK UNK UNK UNK UNK UNK
552816020403269632 5173 1988 2.602112676056338 False 2010 162
656361703664451585 19362 1665 11.628828828828828 True 2011 365
778572032531427332 209925 3943 53.239918843520165 True 2008 5506
556541489388724224 4975782 19406 256.4043079459961 True 2008 8854
676586804242309121 1635609 11633 140.60079085360613 True 2008 19097
701175292937707520 UNK UNK UNK UNK UNK UNK
522453569702989824 446482 383334 1.1647336265502146 False 2012 2622
516394449065496577 934457 283 3301.9681978798585 True 2014 16709
527131140721623040 UNK UNK UNK UNK UNK UNK
544333764814323713 UNK UNK UNK UNK UNK UNK
500327106824245249 192756 1587 121.4593572778828 True 2009 3120
500363126294863876 UNK UNK UNK UNK UNK UNK
522684367647559681 3193929 1146 2787.023560209424 True 2008 24611
727982226290442240 1016610 2774 366.47801009372745 True 2009 5487
655432919595548672 65775 1697 38.75957572186211 False 2014 216
715255507506892800 1007514 474 2125.5569620253164 True 2007 11183
525327108520673281 2862892 748 3827.395721925134 True 2008 18547
728101712762834944 139 153 0.9084967320261438 False 2013 0
727116900983934976 126922 14586 8.701631701631701 True 2008 2315
549964632883232768 1656574 2287 724.3436816790555 True 2009 8020
723772395211862016 4067005 977 4162.748208802456 True 2008 15036
525285199530455040 1187630 4243 279.9033702568937 True 2008 6466
516705572373397504 1056948 373 2833.6407506702412 True 2010 5126
705092738224525312 235447 8274 28.456248489243414 False 2011 3924
728273551883534336 252662 18 14036.777777777777 False 2013 154
553467311261503488 16487 1035 15.929468599033816 False 2009 664
500279160795721728 25554 24423 1.0463088072718338 False 2009 400
524924619812511746 1285083 409 3142.012224938875 True 2009 9029
553575232867672064 14002626 7037 1989.8573255648714 True 2009 98165
755475529294352385 13190 8710 1.5143513203214696 False 2015 146
521882110789824512 UNK UNK UNK UNK UNK UNK
758825535480864769 UNK UNK UNK UNK UNK UNK
727966590084485120 11494528 5669 2027.6112189098606 True 2008 84672
716461257025581056 56768 1970 28.816243654822333 False 2015 482
707321278135463936 217929 2323 93.81360309944039 True 2008 5298
524993533212897281 928144 330 2812.5575757575757 True 2010 4787
766808183696351233 UNK UNK UNK UNK UNK UNK
714598641827246081 223677 981 228.0091743119266 True 2009 2201
724320681517670400 18953280 269 70458.28996282528 True 2007 67252
523545090099523584 4813 1403 3.430506058446187 True 2011 138
760120409429643266 2235739 97 23048.855670103094 True 2009 3138
500347114975944705 UNK UNK UNK UNK UNK UNK
526757033186697216 210158 535 392.81869158878504 False 2010 4000
538193964479045633 478406 6745 70.92750185322461 True 2007 1679
531493734358061056 UNK UNK UNK UNK UNK UNK
580320684305416192 58023 2434 23.838537387017254 True 2009 1786
716424773216022530 UNK UNK UNK UNK UNK UNK
553461741917863936 27771728 71 391151.0985915493 True 2007 120656
499456140044824576 7363 2107 3.4945420028476506 True 2008 410
712223438698627073 905783 3052 296.78342070773266 True 2009 15635
516435293235183617 28800 4120 6.990291262135922 True 2009 1290
531606992788287489 18953280 269 70458.28996282528 True 2007 67252
550284252672450560 11776270 115615 101.85763093024262 True 2007 35705
707420972173955072 1635609 11633 140.60079085360613 True 2008 19097
499612545909415938 663920 93 7138.924731182796 True 2010 3305
726086935903494144 668360 2779 240.5037783375315 True 2012 3972
723365789378584578 1734906 509 3408.4597249508843 True 2009 4222
516414874348298240 13371 1046 12.782982791586997 True 2011 435
500290456845299714 32464 214 151.70093457943926 False 2013 447
501934077612941312 411215 1347 305.28210838901265 True 2009 5396
727588444000526336 UNK UNK UNK UNK UNK UNK
651044059222556674 104757 981 106.78593272171254 True 2010 1301
500280838710247424 UNK UNK UNK UNK UNK UNK
780436430732525569 28106 826 34.026634382566584 True 2008 489
755447443009916929 720999 687 1049.4890829694323 True 2007 7345
553228463998783488 147271 763 193.01572739187418 True 2010 1666
516345893139001346 58705 1732 33.89434180138568 True 2007 876
553501357156876290 42874507 3 14291502.333333334 True 2007 139970
756282236375277568 1797122 661 2718.7927382753405 True 2008 32531
531530591427391488 17029876 495 34403.7898989899 True 2008 104240
500371149713178625 192756 1587 121.4593572778828 True 2009 3120
714755546285477888 225461 915 246.40546448087431 True 2011 1256
727623131494387714 43063 27881 1.5445285319751803 False 2015 49
726190016435728385 1325831 114 11630.09649122807 True 2012 9593
544514570367168512 18953280 269 70458.28996282528 True 2007 67252
553474188259102720 7507848 1823 4118.402633022491 True 2008 44743
707308274270539777 UNK UNK UNK UNK UNK UNK
550279538278543360 3738323 65722 56.88084659626913 True 2009 14812
500394061887709184 237525 1760 134.95738636363637 True 2008 3422
714503380476026880 10960 165 66.42424242424242 False 2009 256
707305999971921920 323131 201619 1.6026812949176417 False 2013 1082
707300612862566400 641885 9584 66.97464524207011 True 2009 7533
524970851675176960 UNK UNK UNK UNK UNK UNK
535148463609356288 1635609 11633 140.60079085360613 True 2008 19097
544306719686656000 52257 251 208.19521912350598 True 2008 1979
714560810266132480 1814797 198 9165.641414141413 True 2008 16589
723644048867774464 4067005 977 4162.748208802456 True 2008 15036
500258409988763649 4071801 628 6483.759554140127 True 2008 34766
531543620856197121 18953284 269 70458.30483271375 True 2007 67252
500327120770301952 121408 4960 24.47741935483871 True 2011 2008
553470492565602305 772523 236 3273.4025423728813 True 2008 12784
706933939953344514 23940 12795 1.8710433763188745 False 2014 414
552821069036670976 209050 2192 95.36952554744525 True 2011 3588
716439952922312704 56768 1970 28.816243654822333 False 2015 482
778299287293816832 UNK UNK UNK UNK UNK UNK
516420964834611201 82818 272 304.4779411764706 False 2012 2040
655815788675399680 31272 9 3474.6666666666665 False 2014 75
522468118082633729 4505696 1157 3894.2921348314608 True 2008 21396
499530130487017472 290180 950 305.4526315789474 True 2009 3969
703234354579898368 169688 11955 14.193893768297784 False 2012 653
727834854931435522 2138562 2061 1037.6331877729258 True 2009 5613
543436472842334209 UNK UNK UNK UNK UNK UNK
553576010898497536 17630538 907 19438.299889746417 True 2007 116974
500389488217309184 116158 758 153.24274406332455 True 2008 1974
748543642323783681 UNK UNK UNK UNK UNK UNK
538900739880665088 761573 1214 627.3253706754531 True 2007 11433
715254040289021952 209925 3943 53.239918843520165 True 2008 5506
538133250066366464 334255 315 1061.126984126984 True 2009 1753
524972443308683264 5698 1903 2.994219653179191 True 2009 241
724348906096590849 18953286 269 70458.312267658 True 2007 67252
741995157969592321 UNK UNK UNK UNK UNK UNK
760109079133990912 2235730 97 23048.76288659794 True 2009 3138
517034091028676608 4131478 242 17072.22314049587 True 2007 35515
553544252563935234 18953286 269 70458.312267658 True 2007 67252
760928376668454912 237654 864 275.0625 True 2009 1722
547514662695469057 100443 353 284.5410764872521 True 2013 322
728207861050970112 426176 52 8195.692307692309 False 2011 3113
651809229842608128 6048 4665 1.2964630225080387 False 2009 161
500319675797209088 10126 1457 6.949897048730268 False 2007 236
500281094239817728 UNK UNK UNK UNK UNK UNK
707332312724283392 429476 16798 25.567091320395285 True 2011 2764
503610065769598976 182992 157518 1.161721200116812 False 2011 809
524940659778920448 1835934 586 3132.9931740614334 True 2007 14506
546028163134808064 1197511 780 1535.2705128205127 True 2010 5419
500377145349521411 1181712 2031 581.837518463811 True 2008 10698
553503184174710784 3076625 627 4906.897926634769 True 2009 23034
524981436252950528 40210 13482 2.982495178756861 True 2008 994
500332933098385408 330 195 1.6923076923076923 False 2011 20
521769631519092736 47323 45172 1.0476179934472682 False 2009 669
521770744855134208 UNK UNK UNK UNK UNK UNK
516423807394131968 296684 1179 251.6403731976251 True 2009 4091
550003619303788545 5127947 5772 888.4177061677061 True 2009 11617
650254360727973889 52730 1738 30.339470655926352 False 2009 788
537484793882361856 633368 2013 314.63884749130654 True 2008 2556
500377906305327104 15151 597 25.3785594639866 False 2009 397
716457799392342018 11075 12196 0.9080846179075106 False 2015 128
576513463738109954 2522307 2310 1091.9077922077922 True 2008 13996
500363740311982081 232795 17596 13.229995453512162 True 2009 3388
516425769560866817 44249 2017 21.93802677243431 True 2008 1764
553184482241814530 101793 1980 51.410606060606064 True 2009 2056
724624672604610562 7314 2271 3.2206076618229855 False 2010 76
521444489697583104 12682 388 32.68556701030928 False 2011 42
516434071631974400 UNK UNK UNK UNK UNK UNK
524926472432410625 169628 898 188.89532293986636 True 2009 1324
549998575330275330 6584052 2907 2264.895768833849 True 2007 23939
544939287222165506 235448 8274 28.456369349770366 False 2011 3924
524927281048080385 UNK UNK UNK UNK UNK UNK
500341884678836224 185494 137560 1.3484588543181157 False 2010 3131
752875379765968897 16676 17253 0.9665565408914392 False 2007 800
544510450101415936 42874515 3 14291505.0 True 2007 139970
726442550266044416 241708 31886 7.58038010412093 True 2011 3236
500279189405433858 122675 7927 15.47558975652832 False 2010 442
522782267215982592 2319048 4528 512.1572438162544 True 2008 10436
544512910538838016 18953287 269 70458.31598513012 True 2007 67252
535484342785830912 153555 6600 23.26590909090909 True 2011 1742
743058135300988932 UNK UNK UNK UNK UNK UNK
648993731169939456 2196165 729 3012.572016460905 True 2008 10936
553518472798683136 14002628 7037 1989.8576097768935 True 2009 98165
651486105628463105 13839 99 139.78787878787878 True 2011 65
533767270091087872 381482 1813 210.41478212906785 True 2009 10488
706665777332621314 1067501 123190 8.665484211380793 True 2008 14699
517038566061658114 7401755 972 7614.974279835391 True 2009 24519
749286768554438658 47330306 1106 42794.12839059674 True 2007 145473
764368020391223296 12765 4644 2.748708010335917 False 2016 28
707310135291416576 231437 582 397.65807560137455 True 2008 2788
500308076004929537 32464 214 151.70093457943926 False 2013 447
