764158239089029120 12952540 229 56561.31004366812 True 2009 61526
693821069879160832 35284694 319 110610.32601880877 True 2007 60862
766307327922335745 42875558 3 14291852.666666666 True 2007 139974
691656866972209152 11429352 10 1142935.2 True 2008 72862
693729678306189313 42875558 3 14291852.666666666 True 2007 139974
692840850141753347 578210 650 889.5538461538462 True 2007 7341
692440373449396224 57435596 120 478629.9666666667 True 2007 186621
693822949456007169 46267580 904 51180.95132743363 True 2007 206479
692709993573789701 35284694 319 110610.32601880877 True 2007 60862
687674548712505346 11776294 115615 101.85783851576353 True 2007 35702
687956181646753792 578210 650 889.5538461538462 True 2007 7341
766299560415223808 42875559 3 14291853.0 True 2007 139974
644321231618076673 565588 13 43506.769230769234 True 2010 8553
693136527816331264 47332154 1106 42795.7992766727 True 2007 145472
683731779342188545 583975 718 813.3356545961003 True 2007 11939
693631772639145984 11776294 115615 101.85783851576353 True 2007 35702
691600834707247104 4296191 8022 535.5511094490153 True 2007 19612
692357775859564544 11429352 10 1142935.2 True 2008 72862
692364468442021889 15840569 31412 504.2839997453203 True 2007 31545
689236842454106113 12952540 229 56561.31004366812 True 2009 61526
661184793342775296 725540 936 775.1495726495726 True 2010 5454
633397936563560449 1587868 2736 580.3611111111111 True 2007 25912
763404633217835009 2169704 1175 1846.5565957446809 True 2009 11966
761675705956655109 2169704 1175 1846.5565957446809 True 2009 11966
690954487322796032 12951348 230 56310.208695652174 True 2009 61524
621025025806577664 191112 222 860.8648648648649 True 2008 4568
693605375803813889 11776294 115615 101.85783851576353 True 2007 35702
693284114724700160 21778295 1114 19549.63644524237 True 2007 123560
692946556396244992 35284694 319 110610.32601880877 True 2007 60862
693240976970752004 15840570 31412 504.2840315802878 True 2007 31545
691889802724118532 57435596 120 478629.9666666667 True 2007 186621
693492159635443714 11494529 5669 2027.6113953078145 True 2008 84674
692735354240114688 6316135 339 18631.666666666668 True 2008 38772
687786822475366401 11776295 115615 101.85784716516024 True 2007 35702
767154835993063425 57435598 120 478629.98333333334 True 2007 186621
692581635594694658 35284694 319 110610.32601880877 True 2007 60862
692765809425408000 10424086 387 26935.622739018087 True 2007 91966
693594331735683072 12952540 229 56561.31004366812 True 2009 61526
693185488644149248 21778295 1114 19549.63644524237 True 2007 123560
766638613320859648 42875560 3 14291853.333333334 True 2007 139974
692745861978263552 15840570 31412 504.2840315802878 True 2007 31545
678277910537588737 1092068 3921 278.51772507013516 True 2007 9145
692376812022792196 4296191 8022 535.5511094490153 True 2007 19612
690670464440504320 12952540 229 56561.31004366812 True 2009 61526
693239731031683072 35284694 319 110610.32601880877 True 2007 60862
693795905049329664 46267582 904 51180.95353982301 True 2007 206479
692099058811453440 42875560 3 14291853.333333334 True 2007 139974
693408117225299968 27772286 71 391158.95774647885 True 2007 120660
692082337333534720 12952540 229 56561.31004366812 True 2009 61526
688281442162352128 42875560 3 14291853.333333334 True 2007 139974
687945926774800385 42875560 3 14291853.333333334 True 2007 139974
766316494695305218 583975 718 813.3356545961003 True 2007 11939
693554007785234432 47332153 1106 42795.798372513564 True 2007 145472
682548344690970624 UNK UNK UNK UNK UNK UNK
693122701569974273 12952540 229 56561.31004366812 True 2009 61526
693824042164436992 9787498 2753 3555.2117689792954 True 2007 126058
693162950358622208 15840570 31412 504.2840315802878 True 2007 31545
693830499047989248 18953796 269 70460.20817843867 True 2007 67255
690985215691354112 3247464 691 4699.658465991317 True 2007 24782
690676539323740161 42875560 3 14291853.333333334 True 2007 139974
687911282922631168 42875560 3 14291853.333333334 True 2007 139974
693670046497935361 46267581 904 51180.95243362832 True 2007 206479
687673284436082689 11776296 115615 101.85785581455694 True 2007 35702
693125234317086720 15840571 31412 504.28406341525533 True 2007 31545
689650617464311813 2349678 4191 560.6485325697925 True 2007 44660
693629498177253376 11776296 115615 101.85785581455694 True 2007 35702
693344498953383936 57435599 120 478629.99166666664 True 2007 186621
693618217667928068 11776296 115615 101.85785581455694 True 2007 35702
651858133304782848 873820 1301 671.6525749423521 True 2009 20437
693662456393134080 15537114 1657 9376.652987326494 True 2007 96030
766989078294306816 11429353 10 1142935.3 True 2008 72862
692463948076093440 15840571 31412 504.28406341525533 True 2007 31545
686493272806576128 772529 236 3273.427966101695 True 2008 12784
687630364936957952 144239 653 220.8866768759571 True 2008 7232
688027085730897921 42875561 3 14291853.666666666 True 2007 139974
693091255685787648 35284694 319 110610.32601880877 True 2007 60862
692742353736568833 42875560 3 14291853.333333334 True 2007 139974
691616143161819136 974352 4629 210.48865845755023 True 2009 11926
692932696645865472 35284694 319 110610.32601880877 True 2007 60862
692922211338981377 42875560 3 14291853.333333334 True 2007 139974
693803472806760448 35284693 319 110610.32288401254 True 2007 60862
693272659447119873 47332163 1106 42795.807414104886 True 2007 145472
690680310061756416 42875560 3 14291853.333333334 True 2007 139974
686421576904916992 4408125 2535 1738.905325443787 True 2008 20409
689100941119848449 42875560 3 14291853.333333334 True 2007 139974
693083689098477568 35284695 319 110610.32915360501 True 2007 60862
692004901455556608 12952540 229 56561.31004366812 True 2009 61526
764573523713011713 12952540 229 56561.31004366812 True 2009 61526
693140568143220736 6316135 339 18631.666666666668 True 2008 38773
687617323235147776 578211 650 889.5553846153846 True 2007 7341
693600369281253376 35284696 319 110610.33228840126 True 2007 60862
693912520923295745 18953799 269 70460.21933085502 True 2007 67255
693523133920342016 46267585 904 51180.95685840708 True 2007 206479
767515401831997440 11429353 10 1142935.3 True 2008 72862
693457310824468480 12952540 229 56561.31004366812 True 2009 61526
692764799315398656 57435601 120 478630.00833333336 True 2007 186621
767170849472405508 57435601 120 478630.00833333336 True 2007 186621
691667941314662400 233249 2232 104.50224014336918 True 2007 12794
693921710383337472 3446003 513 6717.35477582846 True 2007 38059
767580827513397252 21778299 1114 19549.640035906643 True 2007 123560
692134022839955456 11429353 10 1142935.3 True 2008 72862
693804630615166977 5569166 217 25664.35944700461 True 2008 51531
685633217160998912 2955210 6616 446.67623941958885 True 2008 15525
693643778033344512 9787498 2753 3555.2117689792954 True 2007 126058
684118654418419712 1092068 3921 278.51772507013516 True 2007 9145
766719302401613825 1125653 465 2420.7591397849465 True 2008 6685
693071700200722433 21778299 1114 19549.640035906643 True 2007 123560
692497796956561408 42875561 3 14291853.666666666 True 2007 139974
688814621034213376 4028243 3 1342747.6666666667 True 2009 21356
767482587879051265 UNK UNK UNK UNK UNK UNK
762775964224847872 12952540 229 56561.31004366812 True 2009 61526
641665203046907904 2510091 22017 114.006949175637 True 2007 30794
692759090469212160 11429354 10 1142935.4 True 2008 72862
693068611951300608 35284693 319 110610.32288401254 True 2007 60862
693456340790804480 UNK UNK UNK UNK UNK UNK
693126696132804608 12952540 229 56561.31004366812 True 2009 61526
690915657106526208 725540 936 775.1495726495726 True 2010 5454
686701278785843200 4408125 2535 1738.905325443787 True 2008 20409
691064699853606913 1797119 661 2718.7881996974284 True 2008 32531
692881863644282880 9527919 560 17014.14107142857 True 2007 88122
693102023764492288 42875563 3 14291854.333333334 True 2007 139974
765863022506151937 42875563 3 14291854.333333334 True 2007 139974
693802524579618816 47332163 1106 42795.807414104886 True 2007 145472
693595814401327104 11776296 115615 101.85785581455694 True 2007 35702
687639526282498049 11776296 115615 101.85785581455694 True 2007 35702
767463109778894848 35284699 319 110610.34169278997 True 2007 60862
693198912660885505 11429354 10 1142935.4 True 2008 72862
767715489485205505 35284699 319 110610.34169278997 True 2007 60862
693443289370882049 12952540 229 56561.31004366812 True 2009 61526
693696168908423168 57435602 120 478630.01666666666 True 2007 186623
699252269414354944 239333 93520 2.5591638152266896 True 2007 10520
693501482721681408 35284699 319 110610.34169278997 True 2007 60862
692747901815119872 9527919 560 17014.14107142857 True 2007 88122
693484841011060737 18953800 269 70460.22304832714 True 2007 67255
687734662249246724 11776296 115615 101.85785581455694 True 2007 35702
690926324903317504 12952540 229 56561.31004366812 True 2009 61526
693512850539683842 11429354 10 1142935.4 True 2008 72862
690522824797196288 42875564 3 14291854.666666666 True 2007 139974
691809004356501505 12952540 229 56561.31004366812 True 2009 61526
693807822971236353 47332171 1106 42795.81464737794 True 2007 145472
691976624665919488 2955210 6616 446.67623941958885 True 2008 15525
693216311502073856 5569166 217 25664.35944700461 True 2008 51531
693899062098137088 46267585 904 51180.95685840708 True 2007 206479
692800345274241025 15840572 31412 504.28409525022283 True 2007 31545
765934198297362432 57435603 120 478630.025 True 2007 186623
767300637012951040 42875564 3 14291854.666666666 True 2007 139974
693769968199061504 57435599 120 478629.99166666664 True 2007 186621
693160939802214400 47332169 1106 42795.812839059676 True 2007 145472
692336523090509824 57435603 120 478630.025 True 2007 186623
767737100347191297 18953800 269 70460.22304832714 True 2007 67255
693079616072880128 15840573 31412 504.2841270851904 True 2007 31545
767218194385866752 35284700 319 110610.3448275862 True 2007 60862
693487871806689280 35284700 319 110610.3448275862 True 2007 60862
693873151659249669 12952540 229 56561.31004366812 True 2009 61526
690567125128351744 12952540 229 56561.31004366812 True 2009 61526
693711272014155776 24647246 125 197177.968 True 2007 115821
689853056440221696 3644648 166 21955.710843373494 True 2009 34491
692506143147606016 4071927 628 6483.960191082802 True 2008 34766
689549346875031552 4028244 3 1342748.0 True 2009 21356
767823175480647681 4151981 1505 2758.791362126246 True 2007 41086
693926742814281729 17030060 495 34404.16161616162 True 2008 104235
693452449173086210 11429354 10 1142935.4 True 2008 72862
764653644138450945 12952540 229 56561.31004366812 True 2009 61526
693686290408181760 5569167 217 25664.36405529954 True 2008 51531
685473149291479040 4314977 232 18599.03879310345 True 2009 18984
693722259740069889 4028244 3 1342748.0 True 2009 21356
693866093123915776 15411739 528 29188.89962121212 True 2009 60424
686527768327274497 653413 4 163353.25 True 2008 14865
688441130271289350 233249 2232 104.50224014336918 True 2007 12794
693554344298467328 46267587 904 51180.95907079646 True 2007 206479
693411834808946688 11494527 5669 2027.6110425119068 True 2008 84674
687631811560763392 42875570 3 14291856.666666666 True 2007 139974
691027026552229888 583975 718 813.3356545961003 True 2007 11939
616686132387028992 653413 4 163353.25 True 2008 14865
691700082601758720 4151981 1505 2758.791362126246 True 2007 41086
689103487880310785 42875571 3 14291857.0 True 2007 139974
692047663211085825 578211 650 889.5553846153846 True 2007 7341
692217618778972161 57435603 120 478630.025 True 2007 186623
767710245779103744 57435604 120 478630.0333333333 True 2007 186623
665317131597291520 UNK UNK UNK UNK UNK UNK
692423131726749697 3586492 6924 517.9797804737146 True 2008 33381
692391757775028228 15840573 31412 504.2841270851904 True 2007 31545
689694470779097088 42875572 3 14291857.333333334 True 2007 139974
692031514943582208 42875572 3 14291857.333333334 True 2007 139974
693107789007339521 12952540 229 56561.31004366812 True 2009 61526
692113839387709444 11429354 10 1142935.4 True 2008 72862
690431187916099584 42875572 3 14291857.333333334 True 2007 139974
676970570160988160 2863454 98601 29.04082108700723 True 2007 31353
767715524222578688 11429354 10 1142935.4 True 2008 72862
693459931022913536 6316135 339 18631.666666666668 True 2008 38773
689208632148365314 42875572 3 14291857.333333334 True 2007 139974
693485676881403905 47332179 1106 42795.821880651 True 2007 145472
693204483501887488 2169704 1175 1846.5565957446809 True 2009 11966
693139276708585472 11429354 10 1142935.4 True 2008 72862
691380138710306816 11429354 10 1142935.4 True 2008 72862
688461902821855232 42875574 3 14291858.0 True 2007 139974
689922870689009664 2169704 1175 1846.5565957446809 True 2009 11966
692382471061663744 3586492 6924 517.9797804737146 True 2008 33381
692780496590254081 35284702 319 110610.35109717869 True 2007 60862
691564354567798784 42875575 3 14291858.333333334 True 2007 139974
692734579141185536 2893045 145 19952.03448275862 True 2007 45784
693476901772513280 27772295 71 391159.08450704225 True 2007 120660
765141361033109504 42875575 3 14291858.333333334 True 2007 139974
677950378785271808 144239 653 220.8866768759571 True 2008 7232
692113799546048513 15840573 31412 504.2841270851904 True 2007 31545
682629960826224646 UNK UNK UNK UNK UNK UNK
690920430287331328 1169949 1259 929.2684670373312 True 2007 29350
674713782778654721 1184729 602 1967.9883720930231 True 2009 12010
693622130735484929 11494527 5669 2027.6110425119068 True 2008 84674
767845555313774593 47332182 1106 42795.82459312839 True 2007 145472
692031224227958789 42875575 3 14291858.333333334 True 2007 139974
689555819059351552 42875575 3 14291858.333333334 True 2007 139974
764753085675761664 42875575 3 14291858.333333334 True 2007 139974
693122199536934912 21778302 1114 19549.642728904848 True 2007 123560
691380348379201536 12952540 229 56561.31004366812 True 2009 61526
692491478619262976 4028244 3 1342748.0 True 2009 21356
693534177694609409 35284705 319 110610.3605015674 True 2007 60862
691006265137299456 12952540 229 56561.31004366812 True 2009 61526
759653274605740032 583975 718 813.3356545961003 True 2007 11939
692838349036326912 15840573 31412 504.2841270851904 True 2007 31545
767094580634202112 12952540 229 56561.31004366812 True 2009 61526
689529955294777344 42875575 3 14291858.333333334 True 2007 139974
693492349142433792 47332175 1106 42795.818264014466 True 2007 145472
688763993633107968 12952540 229 56561.31004366812 True 2009 61526
692510002586714113 12952540 229 56561.31004366812 True 2009 61526
692707593991643136 21778304 1114 19549.644524236985 True 2007 123560
766358933296517121 57435604 120 478630.0333333333 True 2007 186623
692024256520179712 4408125 2535 1738.905325443787 True 2008 20409
693236688538243074 47332176 1106 42795.8191681736 True 2007 145472
692692529779707904 42875575 3 14291858.333333334 True 2007 139974
693490132440129536 35284706 319 110610.36363636363 True 2007 60862
693121477491757056 12952540 229 56561.31004366812 True 2009 61526
692023417575448576 57435606 120 478630.05 True 2007 186623
686422922894815233 4408125 2535 1738.905325443787 True 2008 20409
693056396250652672 11429354 10 1142935.4 True 2008 72862
693934062445187072 57435608 120 478630.06666666665 True 2007 186623
693087256727388161 42875577 3 14291859.0 True 2007 139974
687766167558164481 11776296 115615 101.85785581455694 True 2007 35702
764620072228970496 2169704 1175 1846.5565957446809 True 2009 11966
692056985513123840 57435604 120 478630.0333333333 True 2007 186623
688096910217879554 12952540 229 56561.31004366812 True 2009 61526
692736398462300162 35284702 319 110610.35109717869 True 2007 60862
691327238353129472 11429354 10 1142935.4 True 2008 72862
693573042111270912 18953801 269 70460.22676579926 True 2007 67255
692925163994796033 3586492 6924 517.9797804737146 True 2008 33381
693102420688121856 12952540 229 56561.31004366812 True 2009 61526
692287441168900097 42875580 3 14291860.0 True 2007 139969
693456387880402944 47332186 1106 42795.82820976492 True 2007 145472
692924229017309184 1797118 661 2718.786686838124 True 2008 32531
693481256735150082 27772297 71 391159.11267605633 True 2007 120660
761381302260031489 12952540 229 56561.31004366812 True 2009 61526
692892472729415680 35284702 319 110610.35109717869 True 2007 60862
693792605755285504 17030062 495 34404.16565656566 True 2008 104235
688437279405305856 11776296 115615 101.85785581455694 True 2007 35702
691410231549530112 12952540 229 56561.31004366812 True 2009 61526
693658242044542976 17630894 907 19438.692392502755 True 2007 116978
689833530197671936 3644648 166 21955.710843373494 True 2009 34491
767528171520524288 9787499 2753 3555.212132219397 True 2007 126058
670380354822348801 1196548 462 2589.930735930736 True 2009 13794
688752484966363136 12952540 229 56561.31004366812 True 2009 61526
688147918113538049 42875581 3 14291860.333333334 True 2007 139969
692267960686284800 42875581 3 14291860.333333334 True 2007 139969
684488313512800256 1196548 462 2589.930735930736 True 2009 13794
675434959939756032 1196548 462 2589.930735930736 True 2009 13794
665302351742275584 UNK UNK UNK UNK UNK UNK
767444114229059584 35284704 319 110610.35736677116 True 2007 60862
693082547664883712 11429353 10 1142935.3 True 2008 72862
691299810553384960 12952540 229 56561.31004366812 True 2009 61526
693676692309700609 46267587 904 51180.95907079646 True 2007 206479
767068504277344260 57435611 120 478630.0916666667 True 2007 186623
693131575261659137 35284704 319 110610.35736677116 True 2007 60862
693855615618322432 11776296 115615 101.85785581455694 True 2007 35702
767330549262278658 35284703 319 110610.35423197492 True 2007 60862
689799953330368513 233249 2232 104.50224014336918 True 2007 12794
766452700049473536 57435611 120 478630.0916666667 True 2007 186623
693524179597955072 35284704 319 110610.35736677116 True 2007 60862
693718533239365633 24647247 125 197177.976 True 2007 115821
692472216135569409 57435604 120 478630.0333333333 True 2007 186623
687632433483759616 42875580 3 14291860.0 True 2007 139969
692374052082708480 11429353 10 1142935.3 True 2008 72862
688502260779843587 12952540 229 56561.31004366812 True 2009 61526
689722724470620161 42875580 3 14291860.0 True 2007 139969
692127290998784001 11429353 10 1142935.3 True 2008 72862
684878165714563072 980324 2331 420.55941655941655 True 2008 37892
693234925252775936 47332191 1106 42795.83273056058 True 2007 145472
767768054163996672 35284704 319 110610.35736677116 True 2007 60862
688757736310484994 12952540 229 56561.31004366812 True 2009 61526
692816955837804544 578211 650 889.5553846153846 True 2007 7341
678733118648524800 2284770 640 3569.953125 True 2007 16028
693509689418588160 15840574 31412 504.2841589201579 True 2007 31545
685232704774787072 745724 13321 55.981082501313715 True 2009 13613
767520433247809536 4071926 628 6483.958598726114 True 2008 34766
692746621218656258 4028248 3 1342749.3333333333 True 2009 21356
693204708933160960 35284705 319 110610.3605015674 True 2007 60862
689214940679409664 4028248 3 1342749.3333333333 True 2009 21356
764449685897568256 745724 13321 55.981082501313715 True 2009 13613
691791477912014850 11429353 10 1142935.3 True 2008 72862
693123067204243456 47332196 1106 42795.837251356235 True 2007 145472
692063305297453060 11429353 10 1142935.3 True 2008 72862
688932211714818048 2863453 98601 29.04081094512226 True 2007 31353
510916647373516800 8697239 1084 8023.283210332103 True 2009 63164
531833153145823233 9787499 2753 3555.212132219397 True 2007 126058
407163499723624449 11494526 5669 2027.610866113953 True 2008 84674
525088864416043008 1835953 586 3133.0255972696245 True 2007 14505
523820806917603328 1068746 768 1391.5963541666667 True 2009 9490
528242965915779072 UNK UNK UNK UNK UNK UNK
536547921542791170 3194003 1146 2787.0881326352533 True 2008 24607
531634492528939008 7401831 972 7615.052469135802 True 2009 24520
551106923601219585 18953807 269 70460.24907063197 True 2007 67255
524944881941495809 2908652 1171 2483.9043552519215 True 2007 15234
536835346932441088 82512 1179 69.98473282442748 True 2009 681
516978780171436032 UNK UNK UNK UNK UNK UNK
524263570985340928 340335 527 645.796963946869 True 2008 6812
524930365400821761 57435686 120 478630.7166666667 True 2007 186622
524586367456919552 1635617 11633 140.60147855239404 True 2008 19094
525024066152169473 1285271 409 3142.471882640587 True 2009 9031
528562608463704064 15537192 1657 9376.700060350031 True 2007 96031
524950339074523137 1525 3531 0.43188898329085246 True 2009 46
528312406498635777 15537189 1657 9376.698249849125 True 2007 96031
566089610485579776 293341 10728 27.343493661446683 True 2012 1996
536962520477470720 3194014 1146 2787.0977312390924 True 2008 24607
524925600318754816 859566 71 12106.56338028169 True 2008 7699
551082055883563008 9527917 560 17014.1375 True 2007 88122
427924694663454720 7508133 1823 4118.558968732858 True 2008 44744
517416417164263424 18953860 269 70460.44609665427 True 2007 67255
531659884430106624 46267690 904 51181.073008849555 True 2007 206479
407217471473451008 UNK UNK UNK UNK UNK UNK
524933380929245184 928234 330 2812.830303030303 True 2010 4785
348203818741272576 12760 310 41.16129032258065 False 2012 197
524991240270807042 1285271 409 3142.471882640587 True 2009 9031
513749585391390720 285281 280 1018.8607142857143 True 2012 1997
510916464631889920 9527917 560 17014.1375 True 2007 88122
507242819623587841 3567339 808 4415.023514851485 True 2009 30417
525305690257379328 3194014 1146 2787.0977312390924 True 2008 24607
536808074431184896 241626 1201 201.18734388009992 True 2010 2378
525040767317082113 14002744 7037 1989.8740940741793 True 2009 98163
509473920060104704 145173 1323 109.73015873015873 True 2009 2244
531206167302012929 618881 2039 303.52182442373714 True 2009 1468
524998384357486592 17630922 907 19438.723263506065 True 2007 116978
532297096356167680 11776264 115615 101.8575790338624 True 2007 35703
536804445678755840 3194014 1146 2787.0977312390924 True 2008 24607
499679379820412928 237915 1559 152.6074406670943 True 2009 1979
518827403452637184 21778345 1114 19549.68132854578 True 2007 123557
523126268603031552 1147364 6 191227.33333333334 True 2006 11353
407159686786732032 2169704 1175 1846.5565957446809 True 2009 11966
407253554039386112 UNK UNK UNK UNK UNK UNK
514395350615203841 222522 16125 13.799813953488371 True 2013 2374
407185422523977728 504 602 0.8372093023255814 False 2009 1
427762638274437120 7508135 1823 4118.560065825563 True 2008 44744
531676808836833280 618881 2039 303.52182442373714 True 2009 1468
407212665350942720 9787499 2753 3555.212132219397 True 2007 126058
407233172380733441 1554 74 21.0 False 2013 6
515598200796090369 5243 6360 0.8243710691823899 False 2013 9
532275347413544961 11494540 5669 2027.613335685306 True 2008 84674
524925124303396864 1285272 409 3142.474327628362 True 2009 9031
336913656921083904 18953866 269 70460.46840148699 True 2007 67255
504243239084236800 7756 2067 3.7522980164489597 False 2008 321
538218607822770176 296674 1179 251.63189143341816 True 2009 4092
524941041301225472 7509752 513 14638.892787524366 True 2008 52542
495305620342714369 6240247 1284 4860.005451713396 True 2009 56678
520299904934371328 1366143 666 2051.265765765766 False 2013 2695
407182194206322689 313500 30 10450.0 True 2007 3555
530943279161155584 11776265 115615 101.8575876832591 True 2007 35703
509478961705807872 379448 246 1542.4715447154472 True 2008 3759
517003426832453633 550144 682 806.6627565982404 True 2010 3895
509464271118688257 9527918 560 17014.139285714286 True 2007 88122
538256153080127489 35462 671 52.849478390462 False 2011 93
524965786059026432 235446 8273 28.459567267013174 False 2011 3924
427662266993889280 1111230 2358 471.25954198473283 True 2007 14462
531161914689482752 417623 1314 317.8257229832572 True 2008 6295
524976526891417600 57435689 120 478630.74166666664 True 2007 186622
527162170531151872 13932024 1 13932024.0 True 2009 18329
507261372313640961 14002745 7037 1989.8742361801903 True 2009 98163
528607634099015680 8629373 473 18243.91754756871 True 2008 22075
532602376398462976 1168154 118 9899.610169491525 False 2011 3135
407197672702214144 394553 2277 173.27755819060167 True 2007 3468
427846006600777729 2908671 1171 2483.9205807002563 True 2007 15234
501881262240694272 74362 89508 0.8307860749877106 False 2008 1709
527272948680622080 235446 8273 28.459567267013174 False 2011 3924
407193347279699968 3738320 65722 56.88080094945376 True 2009 14810
504106473467944960 3135 1234 2.5405186385737437 False 2009 93
524959836778536961 7509753 513 14638.894736842105 True 2008 52542
551099691702956032 11776265 115615 101.8575876832591 True 2007 35703
524952094986350592 UNK UNK UNK UNK UNK UNK
531183173443801088 158461 260 609.4653846153847 True 2009 1757
407205404075376640 UNK UNK UNK UNK UNK UNK
535474861616148480 2088 1037 2.0135004821600773 True 2008 76
407264593027670016 30993 33690 0.919946571682992 False 2010 263
524185876931162112 43639 416 104.9014423076923 True 2010 1298
507257950868885504 14002746 7037 1989.8743782862016 True 2009 98163
524983325275197440 1285272 409 3142.474327628362 True 2009 9031
518924377791164420 9787500 2753 3555.2124954594988 True 2007 126058
523863683928457216 7509753 513 14638.894736842105 True 2008 52542
407292452060815360 5127961 5772 888.4201316701317 True 2009 11617
509464217549021184 2131832 61 34948.065573770495 True 2008 13627
524934138563133440 235446 8273 28.459567267013174 False 2011 3924
407164597511393280 UNK UNK UNK UNK UNK UNK
407213772328022016 UNK UNK UNK UNK UNK UNK
427652211414274048 UNK UNK UNK UNK UNK UNK
407176873605865472 5127961 5772 888.4201316701317 True 2009 11617
407184730988097536 3191795 69 46257.89855072464 True 2008 28233
524923293711998976 180344 2070 87.12270531400966 True 2010 1865
525041127343550464 26054 2238 11.641644325290438 True 2009 367
524976106861236226 14002746 7037 1989.8743782862016 True 2009 98163
528676615207653376 3194014 1146 2787.0977312390924 True 2008 24607
407267881131732992 2169704 1175 1846.5565957446809 True 2009 11966
407176055657484289 UNK UNK UNK UNK UNK UNK
407162181059612672 2169704 1175 1846.5565957446809 True 2009 11966
536849906997415936 3194014 1146 2787.0977312390924 True 2008 24607
538374385665449985 161441 3260 49.5217791411043 True 2009 5161
517053056211357696 724162 1393 519.8578607322326 True 2008 3185
562090534945431552 UNK UNK UNK UNK UNK UNK
407192126032986112 14002747 7037 1989.8745203922126 True 2009 98163
523655026485366784 87283 1261 69.21728786677241 True 2008 776
445495350171013120 602 591 1.0186125211505923 False 2014 6
524294016435634178 2845 39 72.94871794871794 True 2014 68
527286846347567104 57435687 120 478630.725 True 2007 186622
514109888138842113 1656570 2287 724.3419326628772 True 2009 8021
567765185407234049 2196303 729 3012.761316872428 True 2008 10937
514100169307348992 9527919 560 17014.14107142857 True 2007 88122
524757333608394752 15411773 528 29188.964015151516 True 2009 60425
407209892013821952 702 558 1.2580645161290323 False 2011 36
427690961280696320 11494541 5669 2027.6135120832598 True 2008 84674
436160836524965891 47332461 1106 42796.07685352622 True 2007 145471
348204426659508226 UNK UNK UNK UNK UNK UNK
407177474788057088 UNK UNK UNK UNK UNK UNK
407206094747209728 2430 3071 0.7912732009117551 False 2009 81
524935246647926784 17630924 907 19438.72546857773 True 2007 116978
551128385850601472 3720627 2451 1518.0036719706243 True 2009 17154
524950264303075328 235446 8273 28.459567267013174 False 2011 3924
519178213441167360 2256 47 48.0 False 2012 105
407262869152358400 11494541 5669 2027.6135120832598 True 2008 84674
525039784503541760 232987 484 481.3780991735537 True 2009 2444
501827465032237056 UNK UNK UNK UNK UNK UNK
525291306000846848 3194014 1146 2787.0977312390924 True 2008 24607
514420223873941504 1915155 369 5190.121951219512 True 2009 6922
407181813174788096 11494541 5669 2027.6135120832598 True 2008 84674
525009850104037376 299698 163 1838.638036809816 True 2009 2577
514451906211893248 238263 11 21660.272727272728 True 2011 2648
525301290218553344 235446 8273 28.459567267013174 False 2011 3924
525077806401994754 9527919 560 17014.14107142857 True 2007 88122
525134787778850818 15411772 528 29188.96212121212 True 2009 60425
528822281972498432 93617 63560 1.4728917558212713 False 2011 999
545271117355958272 2650093 169 15681.023668639053 True 2011 37579
519530210795216896 2693015 15032 179.15214209686002 True 2008 32554
537006518118273025 3194014 1146 2787.0977312390924 True 2008 24607
427831952826449920 1538880 887 1734.9267192784666 False 2011 15730
507918114567499776 57435689 120 478630.74166666664 True 2007 186622
524977992683237376 232987 484 481.3780991735537 True 2009 2444
427725166127226881 7339904 129 56898.48062015504 True 2009 7235
524961908903149568 9527919 560 17014.14107142857 True 2007 88122
514039286845698048 1656570 2287 724.3419326628772 True 2009 8021
407173794583695360 72006 3842 18.741801145236856 True 2009 1673
514142113601437696 47332464 1106 42796.07956600362 True 2007 145471
407205235682050048 UNK UNK UNK UNK UNK UNK
504267796424163328 47332458 1106 42796.074141048826 True 2007 145471
407182466613792768 506510 861 588.2810685249709 True 2008 4616
510916725953417218 11494541 5669 2027.6135120832598 True 2008 84674
524951893467234304 2908674 1171 2483.923142613151 True 2007 15234
407232661107642368 5127961 5772 888.4201316701317 True 2009 11617
407237676350185475 27916 191 146.15706806282722 False 2009 44
523888836456108032 724163 1393 519.8585786073223 True 2008 3185
551123464640536576 15411773 528 29188.964015151516 True 2009 60425
407211258304552960 2169704 1175 1846.5565957446809 True 2009 11966
524958992330522624 859567 71 12106.577464788732 True 2008 7699
551106793959862272 4071944 628 6483.987261146497 True 2008 34766
508002575858561024 21778353 1114 19549.688509874326 True 2007 123557
407189015582887936 UNK UNK UNK UNK UNK UNK
525300042207612928 2522364 2310 1091.9324675324676 True 2008 13996
518866406512025602 57435697 120 478630.80833333335 True 2007 186622
554958414905094144 3076610 627 4906.874003189792 True 2009 23034
514106273852174337 7508138 1823 4118.561711464618 True 2008 44744
524930671220105216 299698 163 1838.638036809816 True 2009 2577
536105045545472000 8488 5256 1.6149162861491628 True 2011 240
523939598691741696 UNK UNK UNK UNK UNK UNK
528495998537334785 114264 446 256.19730941704034 True 2014 1902
524949828711620608 18953866 269 70460.46840148699 True 2007 67255
407213757048160256 788 1710 0.4608187134502924 False 2011 1
509463916586762241 17630924 907 19438.72546857773 True 2007 116978
531129816389779456 21742 2525 8.610693069306931 True 2009 813
407218583135997953 569 438 1.2990867579908676 False 2009 4
407169212428206080 UNK UNK UNK UNK UNK UNK
552457656666185728 181272 945 191.82222222222222 True 2013 2031
427780584979836929 8697280 1084 8023.321033210332 True 2009 63164
551120768164462592 7638241 1749 4367.204688393368 True 2009 33566
514148279601606656 9787500 2753 3555.2124954594988 True 2007 126058
515519742355185664 8991 3888 2.3125 False 2009 163
563117355254161408 25272649 2648 9544.05173716012 True 2009 50238
519311120914722816 27905 404 69.07178217821782 True 2010 813
407258075502899200 UNK UNK UNK UNK UNK UNK
529434230938284032 7508138 1823 4118.561711464618 True 2008 44744
407279190913069056 1656570 2287 724.3419326628772 True 2009 8021
524929106987991040 214530 268 800.4850746268656 True 2009 2904
519275971758026752 46267702 904 51181.08628318584 True 2007 206479
518870005677826050 17630924 907 19438.72546857773 True 2007 116978
499683602452717569 6184 5133 1.204753555425677 False 2008 173
407170443443859456 30312 33340 0.9091781643671266 False 2012 52
407229989902225408 365269 238232 1.5332491017159744 False 2012 528
524291188422356993 1490464 15561 95.7820191504402 True 2009 12965
407236151167025152 60340 44740 1.348681269557443 False 2012 23
519348106836860929 2693015 15032 179.15214209686002 True 2008 32554
407164247768977409 1025671 552 1858.0996376811595 False 2012 485
527295015643394048 8530274 656 13003.466463414634 True 2007 20599
524946179390701568 2908675 1171 2483.923996584116 True 2007 15234
552568163431247873 15411773 528 29188.964015151516 True 2009 60425
524967711492014080 235446 8273 28.459567267013174 False 2011 3924
407269894938718208 46397 7527 6.164075993091537 False 2009 71
574062768896212992 15411773 528 29188.964015151516 True 2009 60425
524976980799000578 235446 8273 28.459567267013174 False 2011 3924
555003887753494528 18953873 269 70460.49442379182 True 2007 67255
552661209204260864 15411773 528 29188.964015151516 True 2009 60425
528357165677817856 286358 1254 228.35566188197768 True 2008 6750
509463933564891137 UNK UNK UNK UNK UNK UNK
407170170533064705 803 62 12.951612903225806 False 2012 0
538346377794031618 UNK UNK UNK UNK UNK UNK
407192370040803329 6783248 1200 5652.706666666667 True 2009 19419
524987184836005889 232987 484 481.3780991735537 True 2009 2444
525043936331857923 299698 163 1838.638036809816 True 2009 2577
517850508380618752 2436075 2105 1157.2802850356295 True 2010 11850
504131654810877952 57435468 120 478628.9 True 2007 186622
427666815842414592 18953873 269 70460.49442379182 True 2007 67255
552706985087361025 6584056 2907 2264.8971448228413 True 2007 23939
513779458340569088 6584056 2907 2264.8971448228413 True 2007 23939
532276693931945984 6316137 339 18631.672566371682 True 2008 38773
528237933661544448 15537206 1657 9376.708509354256 True 2007 96031
407167258452971520 331338 710 466.6732394366197 True 2009 2175
574004164570841088 15411774 528 29188.965909090908 True 2009 60425
407209131351629824 330327 1729 191.0508964719491 True 2009 4060
524925033626738688 66436 812 81.81773399014779 True 2009 1056
407231740764508161 UNK UNK UNK UNK UNK UNK
407205009676587009 449764 286175 1.5716397309338692 True 2009 6141
531085761521528834 6584056 2907 2264.8971448228413 True 2007 23939
524948703850029056 235446 8273 28.459567267013174 False 2011 3924
510931521306243072 18953873 269 70460.49442379182 True 2007 67255
551103664124100608 4071945 628 6483.988853503185 True 2008 34766
524593547807178753 805122 771 1044.2568093385214 True 2007 4427
407290871856369664 874147 681402 1.282865327662672 False 2012 523
524950507023245313 121367 748 162.25534759358288 True 2008 2374
524947149134774272 232987 484 481.3780991735537 True 2009 2444
523026678419714048 5963811 3901 1528.7903101768777 True 2008 21578
504244627680272384 UNK UNK UNK UNK UNK UNK
436157398269849602 117745 434 271.3018433179723 True 2009 848
562313802369073153 15411775 528 29188.967803030304 True 2009 60425
516321020815228929 1325888 114 11630.59649122807 True 2012 9593
551575491430211584 18953872 269 70460.4907063197 True 2007 67255
525411618231169025 UNK UNK UNK UNK UNK UNK
535474881090322432 14002749 7037 1989.8748046042347 True 2009 98163
336873759271157760 766471 1017 753.6588003933136 True 2011 5245
519112613800972288 17630925 907 19438.726571113562 True 2007 116978
510908595144519680 1187699 4243 279.9196323356116 True 2008 6467
525408908484280321 2522364 2310 1091.9324675324676 True 2008 13996
536827853669941248 3194015 1146 2787.0986038394417 True 2008 24607
407275991610818560 UNK UNK UNK UNK UNK UNK
536826622725218304 114264 446 256.19730941704034 True 2014 1902
524991067675189250 2908675 1171 2483.923996584116 True 2007 15234
527308173112139776 482886 454 1063.625550660793 True 2007 4364
525024181218725888 232987 484 481.3780991735537 True 2009 2444
536738726693847041 UNK UNK UNK UNK UNK UNK
524929796862918656 1915155 369 5190.121951219512 True 2009 6922
524979548195024898 1525 3531 0.43188898329085246 True 2009 46
504109775358287872 1090 3820 0.28534031413612565 False 2013 21
536871550184869888 114264 446 256.19730941704034 True 2014 1902
407231591191035904 5907 889 6.644544431946007 False 2012 98
407197113286545409 14278 1 14278.0 False 2011 535
407209222850756608 512 262 1.9541984732824427 False 2013 6
407253198395555840 2650096 169 15681.041420118343 True 2011 37579
524923341359300608 1285274 409 3142.479217603912 True 2009 9031
536504515843727361 181272 945 191.82222222222222 True 2013 2031
407244865018155008 1094 1008 1.0853174603174602 False 2011 3
524988712367955970 14002748 7037 1989.8746624982236 True 2009 98163
562093717201616896 4049060 635 6376.472440944882 True 2007 15578
407254590363426816 3738320 65722 56.88080094945376 True 2009 14810
524928119955013632 1285274 409 3142.479217603912 True 2009 9031
407161635439013888 1300 114 11.403508771929825 False 2013 3
562256876763901953 15946649 5295 3011.6428706326724 True 2009 59073
551135925862805504 18953872 269 70460.4907063197 True 2007 67255
527138218505175040 484085 101 4792.920792079208 True 2012 4263
407169699559247872 4408118 2535 1738.9025641025642 True 2008 20409
407198615137181696 27655 23765 1.1636860929938986 False 2012 81
523943647449198592 2055723 2360 871.0690677966102 True 2008 23370
515538937058971648 249080 3588 69.42028985507247 True 2012 3757
509464457836511232 2480710 863 2874.519119351101 True 2010 2086
510922415468449792 478411 6745 70.92824314306894 True 2007 1679
407262953533353984 821687 226 3635.783185840708 True 2008 20653
535579674152148992 60540 81 747.4074074074074 True 2008 659
527947775905103872 7401843 972 7615.064814814815 True 2009 24520
522321383716818944 7509758 513 14638.904483430799 True 2008 52542
537913349338435584 59090 604 97.83112582781457 False 2010 1028
532275383430041600 5410020 908 5958.171806167401 True 2008 22141
514201362729828352 57435469 120 478628.9083333333 True 2007 186622
524312881823637504 6282082 428 14677.76168224299 True 2009 17704
525040836757958657 2908675 1171 2483.923996584116 True 2007 15234
427689948398231552 14002751 7037 1989.875088816257 True 2009 98163
407191058108256257 3407 4664 0.7304888507718696 False 2012 4
514057033419849728 1656570 2287 724.3419326628772 True 2009 8021
407187197427593217 344650 72708 4.7401936513175995 False 2010 1285
524976963862429697 47332474 1106 42796.08860759494 True 2007 145471
514478918636535808 7508137 1823 4118.561162918267 True 2008 44744
560873850846846978 UNK UNK UNK UNK UNK UNK
516804849619705859 UNK UNK UNK UNK UNK UNK
528341588867416064 249080 3588 69.42028985507247 True 2012 3757
489820657291911168 7509758 513 14638.904483430799 True 2008 52542
532239131540467712 19575 20129 0.9724775199960256 False 2010 320
532281981795848192 321751 2607 123.4181051016494 True 2010 4056
539115704285270017 1037 366 2.8333333333333335 False 2014 17
560133068670140417 UNK UNK UNK UNK UNK UNK
514535408126795776 63651 3837 16.588741204065677 True 2009 3083
516636338679197697 UNK UNK UNK UNK UNK UNK
504419526998360064 593790 1053 563.903133903134 True 2008 3721
489800427152879616 15537207 1657 9376.709112854556 True 2007 96031
509084603617792001 9061 7522 1.2045998404679608 False 2011 274
568568737621630977 UNK UNK UNK UNK UNK UNK
387031585834278912 55510 1421 39.064039408866996 False 2009 1522
514508854990999553 75023 3633 20.6504266446463 True 2008 1002
489836271049928704 9787501 2753 3555.2128586996005 True 2007 126058
524178388282802176 26032 170 153.12941176470588 True 2013 284
553960736964476928 14830 2049 7.23767691556857 False 2011 762
521098692326350848 27772233 71 391158.21126760566 True 2007 120660
547807913671405568 123785 203 609.7783251231527 False 2013 1410
387030572779847680 178984 1336 133.97005988023952 False 2009 3190
365276206381268995 17630930 907 19438.732083792722 True 2007 116978
495365942726381568 408262 2043 199.83455702398433 True 2013 2551
501768276523761666 7508137 1823 4118.561162918267 True 2008 44744
520284654755381249 9787502 2753 3555.213221939702 True 2007 126058
561952533942661120 UNK UNK UNK UNK UNK UNK
489796998615547904 209049 2192 95.36906934306569 True 2011 3588
504448356584677377 7392 397 18.61964735516373 False 2009 431
524144369235140608 5511 3 1837.0 False 2013 284
542860306603868160 2188861 17792 123.02501124100719 True 2008 15583
552146635707666433 1062637 11679 90.98698518708794 True 2008 9913
532259028152246272 322889 4824 66.93387230514097 True 2008 1755
531565935128498176 357489 1507 237.2189781021898 True 2012 4535
547158281005719552 441897 4301 102.74285049988374 True 2008 2152
510286132568150016 UNK UNK UNK UNK UNK UNK
455525437351800832 565872 14619 38.707982762158835 True 2009 3041
365497016098369536 3076611 627 4906.875598086124 True 2009 23034
507634536176300032 2300333 2458 935.8555736371034 True 2009 4523
532106726539939841 241626 1201 201.18734388009992 True 2010 2378
535507913226190849 UNK UNK UNK UNK UNK UNK
319166636902998016 85774 12 7147.833333333333 False 2011 358
372489152903643136 287067 939 305.7156549520767 True 2010 2922
534409916560461825 7509758 513 14638.904483430799 True 2008 52542
521533372280369152 5410020 908 5958.171806167401 True 2008 22141
534303066867367937 3194016 1146 2787.0994764397906 True 2008 24608
529088963420909569 1070554 190894 5.6081071170387755 True 2009 3878
365052155385749505 3076611 627 4906.875598086124 True 2009 23034
489802446001434625 1187699 4243 279.9196323356116 True 2008 6467
553098571323437056 9913 9964 0.9948815736651947 False 2013 273
514517213022543872 3781534 355 10652.208450704225 True 2009 10885
531973383198887936 2014636 737 2733.563093622795 True 2008 11041
555072815154475008 15411779 528 29188.97537878788 True 2009 60425
514555852351479808 805227 706 1140.5481586402266 True 2008 6567
531108688749404160 4397 138 31.86231884057971 False 2011 45
514540926640087040 2920725 282 10357.18085106383 True 2009 33106
553040930144792576 11494541 5669 2027.6135120832598 True 2008 84674
514512849876836352 443 404 1.0965346534653466 False 2012 4
531833233143783424 181272 945 191.82222222222222 True 2013 2031
518665533089406976 3076611 627 4906.875598086124 True 2009 23034
436001434212249600 70239 5636 12.462562100780696 False 2010 1192
387041762331471872 24852 664 37.4277108433735 False 2009 379
489975398151618560 3247501 691 4699.712011577424 True 2007 24785
534543768653807618 26055 27084 0.9620070890562694 False 2011 189
515918632178577408 19575 20129 0.9724775199960256 False 2010 320
553136604882014208 2862958 748 3827.4839572192514 True 2008 18547
523098334421319680 112747 430 262.20232558139537 False 2012 42
514062859987595264 263382 1835 143.5324250681199 True 2011 3290
560207034545889281 1846873 4198 439.9411624583135 True 2010 3659
504450741126582275 34643 1047 33.08787010506208 True 2011 258
513015596879867904 2446936 2879670 0.84972792021308 False 2009 4962
489833932813516800 15537207 1657 9376.709112854556 True 2007 96031
534678919656775680 3194017 1146 2787.1003490401395 True 2008 24608
544154048950435840 1635618 11633 140.60156451474253 True 2008 19094
534461459938304001 1409 43 32.76744186046512 False 2014 0
496698590153416704 UNK UNK UNK UNK UNK UNK
523535962962280448 985 252 3.9087301587301586 False 2009 45
489970164469751808 8792 5415 1.6236380424746075 True 2009 207
538847758032310272 6514 714 9.123249299719888 True 2009 363
538729383662338049 1034034 969 1067.1145510835913 True 2009 8656
538930446814703616 141987 634 223.95425867507888 True 2009 1861
524211911668543488 583975 718 813.3356545961003 True 2007 11939
553103772852191233 2744 808 3.396039603960396 False 2009 114
504433135036407808 790631 211 3747.0663507109007 False 2011 3396
528976109518721024 1485686 139 10688.388489208633 True 2009 20100
549599086073368576 82467 3875 21.281806451612905 True 2009 1745
540643709465812992 UNK UNK UNK UNK UNK UNK
552677176873455616 25489 18226 1.398496653132887 False 2009 500
482880640560271361 766471 1017 753.6588003933136 True 2011 5245
568905632998412288 1133082 971 1166.9227600411946 True 2011 4358
356297080169447425 1321 1521 0.8685075608152532 False 2012 2
506784541696991232 7508137 1823 4118.561162918267 True 2008 44744
386682163862986752 419413 2431 172.52694364459072 True 2008 10553
265953285247209472 12654854 5128 2467.7952418096725 True 2009 11739
524320261667950592 2521778 850 2966.7976470588237 True 2009 12440
357300409292959744 506 503 1.0059642147117296 False 2009 18
489798752438583297 UNK UNK UNK UNK UNK UNK
557885928417816576 10502 668 15.721556886227544 True 2012 255
489872500462190593 206294 2362 87.33869602032176 True 2008 6505
514546272972574721 11494541 5669 2027.6135120832598 True 2008 84674
524152657783820288 480442 2745 175.02440801457195 True 2010 573
356310469390245888 28276 18364 1.5397516880853845 False 2009 167
524289058290159616 2862959 748 3827.485294117647 True 2008 18547
530017051025604609 UNK UNK UNK UNK UNK UNK
387006553124896768 807730 5742 140.67049808429118 True 2009 7815
490141776984825856 47332501 1106 42796.1130198915 True 2007 145471
570405783306944514 11776267 115615 101.85760498205251 True 2007 35703
528240834660298753 UNK UNK UNK UNK UNK UNK
553271856786968576 25489 18226 1.398496653132887 False 2009 500
497073936077959169 5410020 908 5958.171806167401 True 2008 22141
376982539132366848 UNK UNK UNK UNK UNK UNK
489818014364086273 832384 40 20809.6 True 2009 11178
521663202183348224 861816 332 2595.8313253012047 True 2008 6475
490136764619948032 9787502 2753 3555.213221939702 True 2007 126058
560187970389819392 UNK UNK UNK UNK UNK UNK
520132836594970625 241626 1201 201.18734388009992 True 2010 2378
356437941641416705 11637 6734 1.7280962280962282 False 2009 18
560442390805090307 146572 2 73286.0 True 2008 3102
559863517151784960 1846873 4198 439.9411624583135 True 2010 3659
356268980211687424 4276 2383 1.7943768359211079 False 2010 66
295944137948151809 UNK UNK UNK UNK UNK UNK
377002232257855488 2527803 1 2527803.0 False 2007 8237
554688527435563008 615737 2531 243.27815092848675 True 2008 3316
524227209976745984 UNK UNK UNK UNK UNK UNK
516856061182345216 1087416 70 15534.514285714286 True 2009 3638
524206851450486785 772530 236 3273.4322033898306 True 2008 12784
504500863944376321 UNK UNK UNK UNK UNK UNK
543586319168196608 7508136 1823 4118.560614371914 True 2008 44745
532284428542681088 3194018 1146 2787.101221640489 True 2008 24608
534445263528947712 21778367 1114 19549.701077199283 True 2007 123557
514072132301910016 761585 1214 627.335255354201 True 2007 11434
520630231531802624 4155004 6333 656.087794094426 True 2008 18096
553115236992290816 3194018 1146 2787.101221640489 True 2008 24608
568589712644026368 46989 1055 44.539336492890996 False 2009 1021
532199717594497024 530477 992 534.7550403225806 True 2009 4298
509114008587100160 11776267 115615 101.85760498205251 True 2007 35703
537355288295518210 3703 1357 2.7288135593220337 False 2008 104
436074888638763008 11961 9481 1.2615757831452379 False 2012 83
470025166760980483 243521 201082 1.2110532021762266 False 2009 3235
514495841600811009 17030105 495 34404.25252525252 True 2008 104235
514429381737852929 898256 125 7186.048 True 2008 18816
553190393370923008 2337 1642 1.42326431181486 False 2014 204
553264892799488000 UNK UNK UNK UNK UNK UNK
524191650420367360 6966 374 18.62566844919786 False 2010 297
501774251901198336 11470 2836 4.044428772919605 False 2014 236
514081464171102208 2196307 729 3012.766803840878 True 2008 10937
539254751343681536 6906 5831 1.1843594580689418 False 2010 281
522553662996901888 UNK UNK UNK UNK UNK UNK
514468018970034176 6584056 2907 2264.8971448228413 True 2007 23939
387010299536355328 1652355 657 2515.0 True 2011 5226
538975342011363328 296674 1179 251.63189143341816 True 2009 4093
509077805296914432 9061 7522 1.2045998404679608 False 2011 274
489865454312099840 540868 4279 126.40056087870998 True 2008 3597
387021726007042051 91070 444 205.11261261261262 False 2009 1538
387007120689737729 15474 1378 11.229317851959362 True 2009 757
544457299667202048 1804172 866 2083.339491916859 True 2009 14255
519929168864497664 20559 752 27.33909574468085 False 2012 288
551117430345711616 190091 1665 114.16876876876877 True 2014 2638
563123548857053184 UNK UNK UNK UNK UNK UNK
504771233557147648 UNK UNK UNK UNK UNK UNK
372914976102834176 1538880 887 1734.9267192784666 False 2011 15730
501774615837163521 1538880 887 1734.9267192784666 False 2011 15730
538760398003253248 UNK UNK UNK UNK UNK UNK
352075672543428608 443574 821 540.2850182704019 True 2010 6643
534763214106820608 3194017 1146 2787.1003490401395 True 2008 24608
551942365901250560 475137 1531 310.34421946440233 True 2008 3370
506656271517622272 UNK UNK UNK UNK UNK UNK
544698560655400961 47332517 1106 42796.12748643761 True 2007 145471
351767344097398785 UNK UNK UNK UNK UNK UNK
521821037726797824 3247510 691 4699.72503617945 True 2007 24785
489841070818488320 3194017 1146 2787.1003490401395 True 2008 24608
542600886653292545 5901778 570 10353.99649122807 True 2009 37747
547101266313089024 UNK UNK UNK UNK UNK UNK
505657661120348163 157545 1534 102.70208604954368 True 2010 306
80080680482123777 9787500 2753 3555.2124954594988 True 2007 126058
518192429153783808 81370 5831 13.954724747041674 True 2008 997
542320823915536384 46503 32898 1.4135509757432063 False 2014 391
387006700609228801 249081 3588 69.42056856187291 True 2012 3757
532319110458118144 613535 6471 94.81301189924278 True 2008 2419
377519445578895360 1070565 26966 39.700548839279094 True 2009 4327
561280944045576192 UNK UNK UNK UNK UNK UNK
523123023646175233 2319061 4528 512.1601148409894 True 2008 10433
489794593580650497 209049 2192 95.36906934306569 True 2011 3588
560163341524807680 UNK UNK UNK UNK UNK UNK
543443188934250496 46267729 904 51181.116150442474 True 2007 206480
523123779124600833 42875747 3 14291915.666666666 True 2007 139971
364383457545162754 21778369 1114 19549.70287253142 True 2007 123557
507557659206516736 515489 897 574.6811594202899 True 2009 3896
489968646014246912 805227 706 1140.5481586402266 True 2008 6567
504453071041482753 746611 259 2882.6679536679535 True 2009 3424
538861627018579968 11930 9564 1.2473860309493936 False 2012 19
521727831307722753 1929991 53 36414.92452830189 False 2010 6418
524186749002473472 7394103 1931 3829.157431382703 True 2010 19266
554655549896159233 6881 860 8.001162790697675 False 2010 161
519965814175567872 1314202 285 4611.2350877192985 True 2008 12070
539052152602107904 UNK UNK UNK UNK UNK UNK
489887806018183168 420406 353 1190.9518413597734 False 2010 3604
531900034863091712 563319 523 1077.0917782026768 True 2009 2284
571052823665704960 UNK UNK UNK UNK UNK UNK
523558773345255424 1120 510 2.196078431372549 False 2011 29
376874273601630208 UNK UNK UNK UNK UNK UNK
537378640653475841 1158 853 1.3575615474794842 False 2009 60
348209998565879810 138532 79708 1.7379936769207607 False 2009 2537
557621135320178688 28865 1321 21.850870552611656 True 2010 533
489829414704648192 203192 2517 80.72785061581247 True 2008 781
489796088338341888 209049 2192 95.36906934306569 True 2011 3588
535252460148113409 5410022 908 5958.174008810573 True 2008 22141
273182568298450945 11429358 10 1142935.8 True 2008 72862
511918957255991296 229982 184891 1.2438788259028293 False 2010 1274
554343513887105024 14002753 7037 1989.875373028279 True 2009 98163
532559937269166080 139949 629 222.49443561208267 True 2008 923
489872119158046720 1007514 474 2125.5569620253164 True 2007 11182
560414522758799361 1846873 4198 439.9411624583135 True 2010 3659
501785003144273921 100240 2767 36.22696060715577 True 2011 1867
553061846081896449 16461366 10 1646136.6 True 2008 12834
521835345059389440 499655 923 541.3380281690141 True 2009 2740
334722003057647616 12759328 49375 258.41676962025315 True 2008 54780
531607884220485632 38842 5929 6.55118907066959 True 2008 1759
531568534066057217 2268 96 23.625 False 2013 48
560474897013415936 3680031 444 8288.358108108108 True 2009 6063
524646141938647043 UNK UNK UNK UNK UNK UNK
553008832784642048 583704 1180 494.664406779661 True 2010 4433
387309869080281088 UNK UNK UNK UNK UNK UNK
524317344730869760 UNK UNK UNK UNK UNK UNK
514483762566922240 18995 1405 13.519572953736654 False 2010 375
489974591985840128 17630934 907 19438.736493936052 True 2007 116978
507354546041925632 11776267 115615 101.85760498205251 True 2007 35703
553186555150749696 22638 2977 7.6042996305005035 True 2007 1011
540333359793451008 UNK UNK UNK UNK UNK UNK
519704006826807296 5410022 908 5958.174008810573 True 2008 22141
554886875303780352 2862959 748 3827.485294117647 True 2008 18547
366025766183514112 1538880 887 1734.9267192784666 False 2011 15730
532255606623989760 1231927 2478 497.1456820016142 True 2009 8407
489874311143260160 1007514 474 2125.5569620253164 True 2007 11182
524181699043663872 1187701 4243 279.9201037002121 True 2008 6467
380055172896272384 17772 144 123.41666666666667 False 2013 80
514550436377137152 3712861 197 18847.010152284263 True 2007 25665
572002458647412736 155627 116 1341.6120689655172 True 2011 981
436215971272212480 UNK UNK UNK UNK UNK UNK
489902412900343809 9787499 2753 3555.212132219397 True 2007 126058
495366618818830336 106496 604 176.31788079470198 False 2010 1613
489854703321509888 3194017 1146 2787.1003490401395 True 2008 24608
523555724807262208 UNK UNK UNK UNK UNK UNK
491200302365040640 10375384 370 28041.578378378377 True 2007 41726
519921456730607616 5410023 908 5958.175110132159 True 2008 22141
509031495101874176 6584055 2907 2264.8968008255933 True 2007 23939
559787890402541568 UNK UNK UNK UNK UNK UNK
436157173161144321 27008 4047 6.673585371880406 False 2012 11
543319210659971073 17030108 495 34404.25858585859 True 2008 104235
356407105953071107 61365 1087 56.453541858325664 True 2008 480
364589696573124609 1538880 887 1734.9267192784666 False 2011 15730
519935535083565056 49795 255 195.27450980392157 True 2010 377
504441156575297536 572185 1368 418.2638888888889 True 2009 2910
532284831783460864 1635618 11633 140.60156451474253 True 2008 19094
514067907475959808 235446 8273 28.459567267013174 False 2011 3924
553099685888790528 241626 1201 201.18734388009992 True 2010 2378
568452856224747520 UNK UNK UNK UNK UNK UNK
547509900130021377 28865 1321 21.850870552611656 True 2010 533
372901260183494656 1538880 887 1734.9267192784666 False 2011 15730
519375764165509121 3076610 627 4906.874003189792 True 2009 23034
509152237503778816 6584055 2907 2264.8968008255933 True 2007 23939
387236601450864641 17976 10060 1.7868787276341949 False 2013 685
365056836476481537 3076610 627 4906.874003189792 True 2009 23034
542423103834296323 5901778 570 10353.99649122807 True 2009 37747
524176293450223616 16463 449 36.665924276169264 True 2011 204
526459255147491328 3586505 6924 517.9816580011554 True 2008 33381
538851683141304320 UNK UNK UNK UNK UNK UNK
504830161993609216 2769 513 5.39766081871345 False 2012 96
521790189715615744 UNK UNK UNK UNK UNK UNK
436195672677953536 UNK UNK UNK UNK UNK UNK
521496155310796800 272200 5313 51.232825145868624 False 2012 1858
523566838958284801 UNK UNK UNK UNK UNK UNK
489798752358916096 209049 2192 95.36906934306569 True 2011 3588
535315394127728641 5410023 908 5958.175110132159 True 2008 22141
519447199164665856 46267730 904 51181.11725663717 True 2007 206480
538724882461097986 1034034 969 1067.1145510835913 True 2009 8656
538412662858588160 1538880 887 1734.9267192784666 False 2011 15730
523562674487975937 UNK UNK UNK UNK UNK UNK
504478567062056962 4642 521 8.90978886756238 True 2010 243
548672230134382592 UNK UNK UNK UNK UNK UNK
507454543169617920 11494542 5669 2027.6136884812136 True 2008 84674
387009577763360768 2188860 17792 123.02495503597122 True 2008 15583
532007252677656576 96893 974 99.47946611909651 True 2008 1546
370855596050108416 14002756 7037 1989.8757993463123 True 2009 98163
326137285450018817 UNK UNK UNK UNK UNK UNK
524881688825167872 1944564 9298 209.1378791137879 True 2009 10519
534278078105944064 3194017 1146 2787.1003490401395 True 2008 24608
554597409351671808 UNK UNK UNK UNK UNK UNK
501781217411215360 108997 3558 30.63434513771782 False 2012 2068
519962130859429888 77722526 47 1653670.7659574468 True 2009 119755
518830518792892416 14002755 7037 1989.8756572403013 True 2009 98163
386998038004113409 14561 773 18.83699870633894 True 2013 633
491241885399539712 3194017 1146 2787.1003490401395 True 2008 24608
318263294098030593 249332 16 15583.25 False 2013 1209
553169307824177152 3194017 1146 2787.1003490401395 True 2008 24608
544567299102244864 300207 5939 50.54840882303418 True 2008 2505
558312304753016832 3680032 444 8288.36036036036 True 2009 6063
550095745161134080 1656571 2287 724.3423699169217 True 2009 8021
544523550519218176 UNK UNK UNK UNK UNK UNK
740791134146965504 367201 17182 21.371260621580724 True 2009 2627
536915851233202176 281748 1299 216.8960739030023 True 2011 599
522443333831262208 241439 1240 194.70887096774194 True 2011 4675
752965545528528898 7476538 1719 4349.353112274578 True 2008 32002
724603564946010112 1325893 114 11630.640350877193 True 2012 9593
742050150307246080 52260 33112 1.578279777724088 False 2008 1334
744390771869102080 UNK UNK UNK UNK UNK UNK
531524882325311488 4028283 3 1342761.0 True 2009 21357
500391222075076610 10134 859 11.797438882421421 True 2011 234
652349108653551616 11494543 5669 2027.6138648791673 True 2008 84674
733242244522725376 78307 38187 2.050619320711237 False 2013 588
705093513076015104 235446 8273 28.459567267013174 False 2011 3924
547587399728267264 805124 771 1044.259403372244 True 2007 4427
522654603675176960 2522354 2310 1091.9281385281386 True 2008 13997
533811170889568256 152529 75651 2.0162192171947497 True 2009 923
533734824905670656 7394108 1931 3829.1600207146557 True 2010 19266
727854332188577792 UNK UNK UNK UNK UNK UNK
723521076446142465 766395 1274 601.565934065934 True 2009 2075
535257207991205888 92773 1459 63.58670322138451 True 2013 560
516727880571572225 934472 283 3302.0212014134277 True 2014 16706
650710483289419776 518616 2 259308.0 False 2012 2483
500413818368184321 185496 137560 1.3484733934283222 False 2010 3131
503498696273965056 3328638 337 9877.26409495549 True 2009 13236
724703995147751424 4071946 628 6483.990445859873 True 2008 34766
514308277803294721 2446937 2879670 0.8497282674750927 False 2009 4962
714531423273746432 35436 3304 10.725181598062955 False 2011 869
520265722967375872 21777319 1114 19548.760323159786 True 2007 123555
517712193841037312 2013215 493 4083.600405679513 True 2012 690
715671763808493569 120063 106534 1.1269923217001145 False 2009 1004
763428684850094080 UNK UNK UNK UNK UNK UNK
728631482722308096 668407 2779 240.52069089600576 True 2012 3972
757450526153900032 405130 417 971.5347721822542 True 2007 5403
742571519105077248 UNK UNK UNK UNK UNK UNK
727179214546456577 1325893 114 11630.640350877193 True 2012 9593
655812191233417216 47556 42625 1.115683284457478 False 2010 318
726043971911213057 1325802 114 11629.842105263158 True 2012 9593
516361247223058432 UNK UNK UNK UNK UNK UNK
727187859367546880 186784 57269 3.2615201941713665 False 2009 447
707786906189303808 13506 6 2251.0 False 2016 23
500286058664579072 9787498 2753 3555.2117689792954 True 2007 126058
500295393301647360 UNK UNK UNK UNK UNK UNK
775672628493357057 2138659 2061 1037.6802523047065 True 2009 5614
742114513726623744 254174 67 3793.6417910447763 True 2008 5050
516358319317852160 235446 8273 28.459567267013174 False 2011 3924
522692223952228353 263382 1835 143.5324250681199 True 2011 3290
715268937873760256 11494545 5669 2027.614217675075 True 2008 84674
757190314880884736 49816 4373 11.391721930025154 False 2012 768
711994705333112832 905785 3052 296.7840760157274 True 2009 15636
524925730053181440 1285278 409 3142.4889975550122 True 2009 9031
516545908813475841 226348 175407 1.2904160039223065 False 2008 2312
524929497205055488 9527926 560 17014.15357142857 True 2007 88122
535282587325833216 25682 2238 11.475424486148347 True 2013 593
531193369465470976 UNK UNK UNK UNK UNK UNK
524937542131793920 3702 318 11.641509433962264 True 2013 58
500270780832174080 116987 317 369.0441640378549 True 2008 4144
652300118205427716 UNK UNK UNK UNK UNK UNK
500281131057811456 UNK UNK UNK UNK UNK UNK
778625026144792577 209935 3943 53.24245498351509 True 2008 5506
525032872647065600 270346 2372 113.97386172006745 True 2012 5062
500307001629745152 UNK UNK UNK UNK UNK UNK
500381163866062848 280495 657 426.9330289193303 True 2008 9338
650952376954650629 148793 3809 39.06353373588868 True 2009 1920
525008463819464704 8735 2141 4.079869219990659 True 2007 512
531526274003771392 9527926 560 17014.15357142857 True 2007 88122
516411927506206721 663556 5794 114.52468070417673 True 2009 9010
742055437932040193 UNK UNK UNK UNK UNK UNK
716092408920936448 UNK UNK UNK UNK UNK UNK
701975210044497921 39335 3430 11.46793002915452 True 2010 676
500278045597368320 3076610 627 4906.874003189792 True 2009 23034
757748522481491968 188773 82779 2.280445523623141 False 2011 1129
755548076438196225 UNK UNK UNK UNK UNK UNK
553579224402235393 10375390 370 28041.594594594593 True 2007 41726
763738618573623297 UNK UNK UNK UNK UNK UNK
763524712853102596 108030 97684 1.105912943777896 False 2010 403
537976883150077952 3076610 627 4906.874003189792 True 2009 23034
724661834419048448 1133 370 3.062162162162162 False 2012 44
715515982584881152 1139688 715 1593.9692307692308 True 2009 8693
531300385248800768 2055723 2360 871.0690677966102 True 2008 23370
640118021101604864 2920724 282 10357.17730496454 True 2009 33106
751856580874960897 3818 1183 3.227387996618766 False 2010 72
516475930097643520 75228 963 78.11838006230529 False 2011 856
503714147138166784 17506 301 58.159468438538205 False 2008 262
500298752469770240 74894 69257 1.0813924946214823 False 2010 1503
510507736287961088 2055723 2360 871.0690677966102 True 2008 23370
547525843749470208 11776268 115615 101.85761363144921 True 2007 35703
516390549012480001 79146 913 86.68784227820372 True 2009 1232
714998347111669760 11815341 1460 8092.699315068493 True 2010 22465
716416753409081344 51942 24479 2.1219004044282856 False 2009 1926
521922785254580225 402089 7 57441.28571428572 True 2012 2233
728038172270198787 293994 1036 283.77799227799227 False 2012 1263
539799806039052288 499655 923 541.3380281690141 True 2009 2740
730516765525082112 254174 67 3793.6417910447763 True 2008 5050
747443219487678464 241693 31886 7.57990967822869 True 2011 3236
723511860516016128 545896 14344 38.0574456218628 True 2009 6356
500294803402137600 7508142 1823 4118.563905650028 True 2008 44745
707405809181917184 3726640 265 14062.792452830188 True 2007 27693
538010064591028224 5270 15 351.3333333333333 False 2013 91
653285570383335424 215195 4907 43.8546973711025 True 2014 258
732971411157880832 UNK UNK UNK UNK UNK UNK
763896522790440960 UNK UNK UNK UNK UNK UNK
730939370765754368 UNK UNK UNK UNK UNK UNK
580325090367315968 619232 591 1047.7698815566837 True 2010 5237
778530869208190976 11758 5125 2.294243902439024 False 2016 151
755523157700648960 121605 1272 95.60141509433963 False 2015 104
716448280201269248 9023 4255 2.120564042303173 False 2015 92
640182854928961536 3194017 1146 2787.1003490401395 True 2008 24608
500319801344929795 545896 14344 38.0574456218628 True 2009 6356
532928419051622400 42875530 3 14291843.333333334 True 2007 139971
544287209730236416 92773 1459 63.58670322138451 True 2013 560
553538058440941568 14002757 7037 1989.8759414523233 True 2009 98163
500284699546517505 121404 4959 24.481548699334542 True 2011 2008
778681502825451520 382436 769 497.31599479843953 True 2010 5318
521788572933062657 UNK UNK UNK UNK UNK UNK
521772674155286528 66937 58371 1.1467509550975656 False 2009 670
516682897864916992 898256 125 7186.048 True 2008 18816
516386101766782976 UNK UNK UNK UNK UNK UNK
553550301886955520 21778371 1114 19549.704667863556 True 2007 123557
652982112870662144 11494547 5669 2027.6145704709825 True 2008 84674
742012307694223361 241693 31886 7.57990967822869 True 2011 3236
544328894812549121 3076610 627 4906.874003189792 True 2009 23034
663744139666804736 117465 80988 1.4504000592680397 True 2013 1685
715253497462145024 1007514 474 2125.5569620253164 True 2007 11182
531525016794697729 14002756 7037 1989.8757993463123 True 2009 98163
500378522788315137 17630940 907 19438.743109151048 True 2007 116978
740748123581087745 28757 7228 3.9785556170448255 True 2009 1083
576829262927413248 31143 17378 1.7920934514903901 False 2009 608
500280422295937024 781408 6720 116.28095238095239 True 2009 5838
499366666300846081 420406 353 1190.9518413597734 False 2010 3604
722885778448121857 254174 67 3793.6417910447763 True 2008 5050
732004388181434368 1014281 155 6543.748387096774 True 2009 10150
716451800581279744 UNK UNK UNK UNK UNK UNK
552816020403269632 5173 1988 2.602112676056338 False 2010 162
656361703664451585 19360 1666 11.62064825930372 True 2011 365
778572032531427332 209935 3943 53.24245498351509 True 2008 5506
556541489388724224 4975773 19406 256.4038441719056 True 2008 8855
676586804242309121 1635617 11633 140.60147855239404 True 2008 19094
701175292937707520 UNK UNK UNK UNK UNK UNK
522453569702989824 446480 383334 1.1647284091679841 False 2012 2622
516394449065496577 934472 283 3302.0212014134277 True 2014 16706
527131140721623040 UNK UNK UNK UNK UNK UNK
544333764814323713 UNK UNK UNK UNK UNK UNK
500327106824245249 192753 1587 121.45746691871456 True 2009 3120
500363126294863876 UNK UNK UNK UNK UNK UNK
522684367647559681 3194017 1146 2787.1003490401395 True 2008 24608
727982226290442240 1016633 2774 366.486301369863 True 2009 5485
552848620375261184 1797120 661 2718.7897125567324 True 2008 32531
498280126254428160 290172 950 305.44421052631577 True 2009 3969
531733274968989696 27772258 71 391158.5633802817 True 2007 120661
717081129627553792 UNK UNK UNK UNK UNK UNK
576319832800555008 156503 533 293.6266416510319 True 2011 3114
748640007934590976 47332557 1106 42796.16365280289 True 2007 145471
550175324634619904 555001 9218 60.20839661531786 True 2008 2671
714851393861881857 23635 534 44.260299625468164 False 2015 159
778949749156245504 UNK UNK UNK UNK UNK UNK
550131732805328896 1325278 2587 512.2837263239273 True 2008 3958
500288349924782080 UNK UNK UNK UNK UNK UNK
707412869860696064 3726641 265 14062.796226415094 True 2007 27693
531531382611513344 235446 8273 28.459567267013174 False 2011 3924
701539698452393986 46267746 904 51181.13495575221 True 2007 206480
549920761423863808 1352737 4778 283.1178317287568 True 2012 13067
748558349139058688 101572 7029 14.450419689856309 False 2011 620
553549686129561600 3076610 627 4906.874003189792 True 2009 23034
658938136299511808 2862962 748 3827.4893048128342 True 2008 18547
765735409984806912 121394 6463 18.78291814946619 True 2008 2332
651786568592658433 14729 222 66.34684684684684 True 2010 219
714555825122107392 1776 3823 0.4645566309181271 False 2009 116
723477822950395904 3076510 627 4906.714513556619 True 2009 23035
531287426858487808 39901 757 52.709379128137385 False 2010 427
745236050407194624 382436 769 497.31599479843953 True 2010 5318
774833492865593344 25670 1283 20.00779423226812 False 2015 106
511330322831507456 1480642 5792 255.6357044198895 True 2009 6602
731166399389962242 UNK UNK UNK UNK UNK UNK
714811995573325828 UNK UNK UNK UNK UNK UNK
743126914794037248 29715 5 5943.0 False 2013 39
658755852199927808 382436 769 497.31599479843953 True 2010 5318
522815405451407360 739662 11087 66.71435013980337 True 2011 2085
531498841158082562 381511 1813 210.430777716492 True 2009 10488
531131094276382720 UNK UNK UNK UNK UNK UNK
745365403237376000 UNK UNK UNK UNK UNK UNK
553212962044149761 9527927 560 17014.155357142856 True 2007 88122
650975967146602496 1578616 3305 477.64478063540093 True 2009 16833
547670441754914816 11776267 115615 101.85760498205251 True 2007 35703
765887221736046592 UNK UNK UNK UNK UNK UNK
728625967921401856 665267 30364 21.90972862600448 True 2007 11631
553505242554175489 10375400 370 28041.62162162162 True 2007 41726
549975297160802304 45722 2009 22.75858636137382 True 2009 747
553164985460068352 5938425 28 212086.60714285713 True 2007 26680
742678930516123650 UNK UNK UNK UNK UNK UNK
729647367457230850 15946658 5295 3011.6445703493864 True 2009 59073
757367391202471937 1797120 661 2718.7897125567324 True 2008 32531
516313006427602944 UNK UNK UNK UNK UNK UNK
516861311725342722 9787497 2753 3555.2114057391937 True 2007 126058
552810448324943872 3076610 627 4906.874003189792 True 2009 23034
556873675941896193 4975773 19406 256.4038441719056 True 2008 8855
500303431928922113 1139689 715 1593.9706293706295 True 2009 8693
549927969032916993 181272 945 191.82222222222222 True 2013 2031
727172374999666688 2246103 1180 1903.4771186440678 True 2010 13212
503609826128044032 60527 60 1008.7833333333333 False 2010 1153
538137715293061120 3076610 627 4906.874003189792 True 2009 23034
728013148788154368 255837 16436 15.565648576295935 True 2007 3310
763430916236640256 12765 4644 2.748708010335917 False 2016 28
701514249269542912 46267746 904 51181.13495575221 True 2007 206480
780882510645370880 161939 2161 74.93706617306802 True 2007 2543
521777301470871553 36785 277 132.79783393501805 False 2014 398
524932056560963584 25527 9930 2.5706948640483382 True 2009 584
653432177632387072 11776267 115615 101.85760498205251 True 2007 35703
697992796565741569 1184 435 2.72183908045977 False 2010 29
516395112201736192 UNK UNK UNK UNK UNK UNK
516371936604352513 332355 837 397.078853046595 True 2009 5877
516539137646542848 934472 283 3302.0212014134277 True 2014 16706
747275598347837440 UNK UNK UNK UNK UNK UNK
516377014790782977 7289 1099 6.632393084622384 True 2012 200
500354773133299713 2196315 729 3012.777777777778 True 2008 10937
725983128444129280 188907 28621 6.600293490793473 False 2009 1306
499368931367608320 19178 22322 0.8591524056984141 False 2008 237
522534012544638976 2893044 145 19952.027586206896 True 2007 45784
778689027918618625 8153454 70189 116.16427075467666 True 2007 68139
766789709045518336 UNK UNK UNK UNK UNK UNK
553548567420628992 38059 2694 14.12731997030438 True 2012 859
531543620856197121 18953889 269 70460.55390334573 True 2007 67255
500327120770301952 121404 4959 24.481548699334542 True 2011 2008
553470492565602305 772530 236 3273.4322033898306 True 2008 12784
706933939953344514 23937 12793 1.8711013835691395 False 2014 414
552821069036670976 209049 2192 95.36906934306569 True 2011 3588
716439952922312704 56770 1970 28.81725888324873 False 2015 482
778299287293816832 UNK UNK UNK UNK UNK UNK
516420964834611201 82821 272 304.4889705882353 False 2012 2040
655815788675399680 31272 9 3474.6666666666665 False 2014 75
522468118082633729 4505674 1157 3894.2731201382885 True 2008 21398
499530130487017472 290172 950 305.44421052631577 True 2009 3969
703234354579898368 169685 11955 14.193642827268926 False 2012 653
727834854931435522 2138659 2061 1037.6802523047065 True 2009 5614
543436472842334209 UNK UNK UNK UNK UNK UNK
553576010898497536 17630940 907 19438.743109151048 True 2007 116978
500389488217309184 116159 758 153.24406332453825 True 2008 1974
748543642323783681 UNK UNK UNK UNK UNK UNK
538900739880665088 761588 1214 627.337726523888 True 2007 11434
715254040289021952 209935 3943 53.24245498351509 True 2008 5506
538133250066366464 334255 315 1061.126984126984 True 2009 1753
524972443308683264 5698 1903 2.994219653179191 True 2009 241
724348906096590849 18953889 269 70460.55390334573 True 2007 67255
741995157969592321 UNK UNK UNK UNK UNK UNK
760109079133990912 2235910 97 23050.618556701033 True 2009 3139
517034091028676608 4131453 242 17072.119834710742 True 2007 35514
553544252563935234 18953889 269 70460.55390334573 True 2007 67255
760928376668454912 237660 866 274.43418013856814 True 2009 1723
547514662695469057 100443 353 284.5410764872521 True 2013 322
728207861050970112 426166 52 8195.5 False 2011 3113
651809229842608128 6048 4665 1.2964630225080387 False 2009 161
500319675797209088 10126 1457 6.949897048730268 False 2007 236
500281094239817728 UNK UNK UNK UNK UNK UNK
707332312724283392 429512 16798 25.569234432670555 True 2011 2764
503610065769598976 182985 157515 1.161698885820398 False 2011 809
524940659778920448 1835962 586 3133.0409556313994 True 2007 14505
546028163134808064 1197507 780 1535.2653846153846 True 2010 5420
500377145349521411 1181706 2031 581.834564254062 True 2008 10698
553503184174710784 3076610 627 4906.874003189792 True 2009 23034
524981436252950528 40208 13482 2.9823468328141227 True 2008 994
500332933098385408 330 195 1.6923076923076923 False 2011 20
521769631519092736 47322 45173 1.0475726650875523 False 2009 669
521770744855134208 UNK UNK UNK UNK UNK UNK
516423807394131968 296674 1179 251.63189143341816 True 2009 4093
550003619303788545 5127958 5772 888.419611919612 True 2009 11617
650254360727973889 52737 1738 30.34349827387802 False 2009 787
537484793882361856 633390 2013 314.64977645305515 True 2008 2555
500377906305327104 15151 597 25.3785594639866 False 2009 397
716457799392342018 11076 12197 0.9080921538083135 False 2015 128
576513463738109954 2522355 2310 1091.9285714285713 True 2008 13997
500363740311982081 232798 17596 13.230165946806093 True 2009 3388
516425769560866817 44248 2017 21.937530986613783 True 2008 1764
553184482241814530 101793 1980 51.410606060606064 True 2009 2056
724624672604610562 7314 2271 3.2206076618229855 False 2010 76
521444489697583104 12682 388 32.68556701030928 False 2011 42
516434071631974400 UNK UNK UNK UNK UNK UNK
524926472432410625 169631 898 188.89866369710467 True 2009 1323
549998575330275330 6584055 2907 2264.8968008255933 True 2007 23939
544939287222165506 235446 8273 28.459567267013174 False 2011 3924
524927281048080385 UNK UNK UNK UNK UNK UNK
500341884678836224 185496 137560 1.3484733934283222 False 2010 3131
752875379765968897 16676 17255 0.9664445088380179 False 2007 800
544510450101415936 42875540 3 14291846.666666666 True 2007 139971
726442550266044416 241693 31886 7.57990967822869 True 2011 3236
500279189405433858 122673 7926 15.477289931869796 False 2010 442
522782267215982592 2319064 4528 512.160777385159 True 2008 10433
544512910538838016 18953890 269 70460.55762081784 True 2007 67255
535484342785830912 153555 6600 23.26590909090909 True 2011 1742
743058135300988932 UNK UNK UNK UNK UNK UNK
648993731169939456 2196315 729 3012.777777777778 True 2008 10937
553518472798683136 14002761 7037 1989.8765098763677 True 2009 98163
651486105628463105 13836 99 139.75757575757575 True 2011 65
533767270091087872 381512 1813 210.43132928847214 True 2009 10488
706665777332621314 1067503 123193 8.665289423912073 True 2008 14700
517038566061658114 7401850 972 7615.072016460906 True 2009 24520
749286768554438658 47332567 1106 42796.17269439421 True 2007 145471
764368020391223296 12765 4644 2.748708010335917 False 2016 28
707310135291416576 231455 582 397.6890034364261 True 2008 2788
500308076004929537 32465 214 151.70560747663552 False 2013 447
