693196937172951040 35285582 319 110613.10971786834 True 2007 60868
767803368081358848 15412356 528 29190.06818181818 True 2009 60430
693935557009801218 18954358 269 70462.29739776952 True 2007 67258
693691456222052352 11776268 115615 101.85761363144921 True 2007 35705
693827886021767169 12952292 229 56560.22707423581 True 2009 61527
690969315470868480 9527944 560 17014.185714285715 True 2007 88122
688755462783782912 12952292 229 56560.22707423581 True 2009 61527
692368829368918017 42875528 3 14291842.666666666 True 2007 139975
767561970182598657 35285585 319 110613.11912225705 True 2007 60868
693840291992838147 47334169 1106 42797.62115732369 True 2007 145483
689915847939219456 12952292 229 56560.22707423581 True 2009 61527
689890946683576322 12952292 229 56560.22707423581 True 2009 61527
672102358516670465 144239 653 220.8866768759571 True 2008 7232
693128224960856064 47334172 1106 42797.623869801086 True 2007 145483
693761289601060864 42875529 3 14291843.0 True 2007 139975
687274510643511296 583970 718 813.3286908077995 True 2007 11939
689641419825242112 12952292 229 56560.22707423581 True 2009 61527
688004802245214208 583970 718 813.3286908077995 True 2007 11939
693141729529184256 12952292 229 56560.22707423581 True 2009 61527
692023855926374400 57435810 120 478631.75 True 2007 186632
688751061503442944 12952292 229 56560.22707423581 True 2009 61527
690650123358093312 42875529 3 14291843.0 True 2007 139975
693087220459270144 42875529 3 14291843.0 True 2007 139975
693897857376632832 11429389 10 1142938.9 True 2008 72865
692498490249891842 12952292 229 56560.22707423581 True 2009 61527
665309822208729088 UNK UNK UNK UNK UNK UNK
676955015265837056 2863511 98600 29.041693711967547 True 2007 31354
693071538896162816 11429389 10 1142938.9 True 2008 72865
693167683701968896 12952292 229 56560.22707423581 True 2009 61527
692701223326056449 35285584 319 110613.11598746081 True 2007 60868
693185853867294721 47334168 1106 42797.620253164554 True 2007 145483
692393375891361794 12952292 229 56560.22707423581 True 2009 61527
692691444046372865 57435812 120 478631.76666666666 True 2007 186632
693939356390653952 35285584 319 110613.11598746081 True 2007 60868
693555965019492352 57435812 120 478631.76666666666 True 2007 186632
692163879909064704 15840494 31412 504.28161212275563 True 2007 31550
676491949524713473 1092054 3921 278.5141545524101 True 2007 9144
693606934050684928 11776268 115615 101.85761363144921 True 2007 35705
693804277031157761 35285585 319 110613.11912225705 True 2007 60868
692082861525078017 583970 718 813.3286908077995 True 2007 11939
690580180805509121 725569 936 775.1805555555555 True 2010 5454
693265096278163456 15412355 528 29190.066287878788 True 2009 60430
692833140428017664 35285584 319 110613.11598746081 True 2007 60868
767092161716350980 57435812 120 478631.76666666666 True 2007 186632
767855091109863424 18954357 269 70462.2936802974 True 2007 67258
693060960001597440 47334183 1106 42797.63381555154 True 2007 145483
693466451081060353 47334183 1106 42797.63381555154 True 2007 145483
693857551620968448 11776268 115615 101.85761363144921 True 2007 35705
693321561542127616 57435812 120 478631.76666666666 True 2007 186632
688366079396163584 42875533 3 14291844.333333334 True 2007 139975
687748306571804672 11776268 115615 101.85761363144921 True 2007 35705
692874200927698945 9527944 560 17014.185714285715 True 2007 88122
692884886374318081 35285585 319 110613.11912225705 True 2007 60868
692410832307818497 4152053 1505 2758.839202657807 True 2007 41082
681824512120324096 1196526 462 2589.883116883117 True 2009 13794
693119705469587456 15412355 528 29190.066287878788 True 2009 60430
693471161313816576 15538125 1657 9377.263126131564 True 2007 96039
693129259334909952 11429390 10 1142939.0 True 2008 72865
693811101146963968 4152053 1505 2758.839202657807 True 2007 41082
763964234774347776 1795915 964 1862.9823651452282 True 2008 20699
691719802499432448 578201 650 889.54 True 2007 7342
689938201193115648 12952292 229 56560.22707423581 True 2009 61527
656848877463560192 191113 222 860.8693693693693 True 2008 4568
681199637387149313 1111229 2358 471.25911789652247 True 2007 14462
766541461189832704 42875535 3 14291845.0 True 2007 139975
691608761128067072 4408107 2535 1738.898224852071 True 2008 20410
691632238035886081 42875535 3 14291845.0 True 2007 139975
688446106943008768 11776268 115615 101.85761363144921 True 2007 35705
687984820815851521 11776268 115615 101.85761363144921 True 2007 35705
641666167992647681 2510069 22017 114.00594994776763 True 2007 30796
693843042546106369 12952292 229 56560.22707423581 True 2009 61527
767861179951648768 18954362 269 70462.312267658 True 2007 67258
767710042816602112 18954362 269 70462.312267658 True 2007 67258
692748411481780224 42875535 3 14291845.0 True 2007 139975
693573781730783232 35285586 319 110613.12225705328 True 2007 60868
693466724822323200 7509981 513 14639.33918128655 True 2008 52551
689267711856263168 42875535 3 14291845.0 True 2007 139975
692753210692476928 42875535 3 14291845.0 True 2007 139975
693441093048766464 35285586 319 110613.12225705328 True 2007 60868
693200309955469312 6316140 339 18631.681415929204 True 2008 38773
693476774462820352 21778520 1114 19549.83842010772 True 2007 123571
692796451987034113 11429390 10 1142939.0 True 2008 72865
692925396292091905 6316140 339 18631.681415929204 True 2008 38773
693203974388895744 47334436 1106 42797.862567811935 True 2007 145484
666335363099660288 UNK UNK UNK UNK UNK UNK
693869818366287872 11494631 5669 2027.6293878991003 True 2008 84670
693059995013742592 UNK UNK UNK UNK UNK UNK
766752508312166402 57435885 120 478632.375 True 2007 186632
686657138270277634 1196525 462 2589.8809523809523 True 2009 13795
692623941131722752 57435885 120 478632.375 True 2007 186632
693546915892428800 11429395 10 1142939.5 True 2008 72865
693402634011701248 5569097 217 25664.04147465438 True 2008 51533
693456187036037123 35285639 319 110613.28840125391 True 2007 60868
765779159176077312 42875667 3 14291889.0 True 2007 139976
767129248045948929 11429395 10 1142939.5 True 2008 72865
682999206290829312 1169947 1259 929.2668784749801 True 2007 29346
761999790892806144 12952290 229 56560.218340611355 True 2009 61527
682916727282270208 3155028 1254 2515.971291866029 True 2007 33216
691285663522648065 42875667 3 14291889.0 True 2007 139976
692702295281262593 42875667 3 14291889.0 True 2007 139976
766715993385267201 11429395 10 1142939.5 True 2008 72865
690042063958732800 42875667 3 14291889.0 True 2007 139976
692890520960397312 35285639 319 110613.28840125391 True 2007 60868
687643002240679936 42875668 3 14291889.333333334 True 2007 139976
693528374996652032 18954429 269 70462.56133828996 True 2007 67258
689661418484994049 4408106 2535 1738.8978303747535 True 2008 20410
766568413418356736 42875671 3 14291890.333333334 True 2007 139976
692838430783332357 11429395 10 1142939.5 True 2008 72865
693281966846808064 47334430 1106 42797.857142857145 True 2007 145484
767859423150759936 11429395 10 1142939.5 True 2008 72865
693502060545703937 18954430 269 70462.56505576208 True 2007 67258
689860942671130624 12952290 229 56560.218340611355 True 2009 61527
692735698349199360 42875674 3 14291891.333333334 True 2007 139976
765859710503378944 42875675 3 14291891.666666666 True 2007 139976
767754921403899906 57435884 120 478632.36666666664 True 2007 186632
764906140257837056 12952290 229 56560.218340611355 True 2009 61527
687537772970684417 3155028 1254 2515.971291866029 True 2007 33216
682895395077373952 980322 2331 420.55855855855856 True 2008 37891
690106189951139840 42875676 3 14291892.0 True 2007 139976
693146363685642240 6316140 339 18631.681415929204 True 2008 38773
693315824132685824 1125659 465 2420.772043010753 True 2008 6685
693086218276474880 15840506 31412 504.281994142366 True 2007 31550
767203096472719364 35285640 319 110613.29153605015 True 2007 60868
693648684857323521 11776271 115615 101.85763957963933 True 2007 35705
693818562981421056 35285640 319 110613.29153605015 True 2007 60868
693893182338289664 15840506 31412 504.281994142366 True 2007 31550
692014905239666688 57435886 120 478632.38333333336 True 2007 186632
688819658057740290 42875676 3 14291892.0 True 2007 139976
693061713042771968 27772836 71 391166.7042253521 True 2007 120662
689867195657101312 4408106 2535 1738.8978303747535 True 2008 20410
767541796410839040 UNK UNK UNK UNK UNK UNK
693571567377342466 15411838 528 29189.08712121212 True 2009 60430
693013768738115584 42875677 3 14291892.333333334 True 2007 139976
692743102432346113 UNK UNK UNK UNK UNK UNK
693906624776245249 12952290 229 56560.218340611355 True 2009 61527
688428083540553728 4408106 2535 1738.8978303747535 True 2008 20410
688741019979001856 42875677 3 14291892.333333334 True 2007 139976
692516224245235712 12952290 229 56560.218340611355 True 2009 61527
692106491365605376 1795919 964 1862.9865145228216 True 2008 20699
767459987476054016 35285640 319 110613.29153605015 True 2007 60868
693857080193761285 15411838 528 29189.08712121212 True 2009 60430
693651239486263296 57435888 120 478632.4 True 2007 186632
692826642583019521 583970 718 813.3286908077995 True 2007 11939
693076140278153217 35285640 319 110613.29153605015 True 2007 60868
688021039322894336 42875676 3 14291892.0 True 2007 139976
692078399012130816 11429395 10 1142939.5 True 2008 72865
672553813249826816 1092053 3921 278.5138995154297 True 2007 9144
767698691205410816 18954431 269 70462.5687732342 True 2007 67258
723198441690636288 11776271 115615 101.85763957963933 True 2007 35705
692758050378256388 6316140 339 18631.681415929204 True 2008 38773
644329878876237824 565574 13 43505.692307692305 True 2010 8553
688752927381581824 12952290 229 56560.218340611355 True 2009 61527
767814876433571840 18954431 269 70462.5687732342 True 2007 67258
687409983139495939 583970 718 813.3286908077995 True 2007 11939
682996350909157376 772537 236 3273.4618644067796 True 2008 12785
765359928361922560 3445975 513 6717.300194931774 True 2007 38059
692630756548591616 42875678 3 14291892.666666666 True 2007 139976
692797856386777089 35285643 319 110613.30094043887 True 2007 60868
693771953648373760 24647216 125 197177.728 True 2007 115821
762793077509464064 12952290 229 56560.218340611355 True 2009 61527
692911086920667136 35285640 319 110613.29153605015 True 2007 60868
690376107825192960 12952290 229 56560.218340611355 True 2009 61527
686666933949837312 3155028 1254 2515.971291866029 True 2007 33216
693641113693884416 35285640 319 110613.29153605015 True 2007 60868
544324444773433348 9787480 2753 3555.2052306574647 True 2007 126058
524941132237910016 1630 2059 0.7916464303059738 True 2009 81
544271284796784640 UNK UNK UNK UNK UNK UNK
525028734991343617 1915252 369 5190.384823848239 True 2009 6922
524947674164760577 UNK UNK UNK UNK UNK UNK
615840865815298048 108938 45194 2.410452714962163 False 2015 872
614594259900080128 3726971 265 14064.041509433962 True 2007 27693
524936872666353664 1285570 409 3143.20293398533 True 2009 9035
641972184412327937 229310 109365 2.0967402733964247 False 2012 1409
524925215235911680 1836044 586 3133.180887372014 True 2007 14505
524952883343925249 42875681 3 14291893.666666666 True 2007 139976
676367888543031296 206293 2362 87.33827265029636 True 2008 6504
524925050739490816 2908921 1171 2484.134073441503 True 2007 15238
544518335019229184 7042 2025 3.4775308641975307 False 2012 246
524962142563610625 1162 728 1.5961538461538463 False 2012 42
649903655160815616 47334452 1106 42797.87703435805 True 2007 145484
614618682543616000 3445975 513 6717.300194931774 True 2007 38059
544269749405097984 540875 4280 126.37266355140187 True 2008 3597
614607711368519680 1125659 465 2420.772043010753 True 2008 6685
544512108885725184 119883 242 495.38429752066116 True 2010 1096
553587303172833280 57435892 120 478632.43333333335 True 2007 186632
544382892378714113 1352735 4778 283.1174131435747 True 2012 13067
544319832486064128 14003057 7037 1989.9185732556487 True 2009 98167
544358564484378624 15411838 528 29189.08712121212 True 2009 60430
614608936491188225 3224469 2759 1168.7093149691918 True 2008 22619
544291965513134080 31002 1805 17.17562326869806 True 2009 388
641082932740947972 46268650 904 51182.13495575221 True 2007 206476
500378223977721856 548796 3755 146.15073235685753 True 2008 4923
614594667225571328 144607 42920 3.3692218080149114 True 2012 1572
544314234541469696 9787480 2753 3555.2052306574647 True 2007 126058
544380742076088320 13420 1120 11.982142857142858 True 2009 178
553590835850514433 5938567 28 212091.67857142858 True 2007 26680
553587672137334785 4028544 3 1342848.0 True 2009 21351
544512676643500033 461726 15492 29.804156984249936 True 2008 4444
675490515748425728 622258 430 1447.1116279069768 False 2011 1034
614609560658161664 141473 249 568.1646586345381 True 2008 4238
544291804057960448 UNK UNK UNK UNK UNK UNK
681147789653356544 5410056 908 5958.211453744493 True 2008 22143
615689290706595840 2236199 97 23053.59793814433 True 2009 3139
552802654641225728 114262 446 256.19282511210764 True 2014 1902
553534838880608256 1849393 675 2739.8414814814814 True 2011 22879
544282005941530624 1635594 11633 140.59950141837874 True 2008 19099
614595106906226688 7236 1291 5.604957397366382 True 2009 418
544274934835707905 27772841 71 391166.77464788733 True 2007 120663
614610364702044164 4152071 1505 2758.851162790698 True 2007 41082
544367462012432384 18954432 269 70462.57249070633 True 2007 67258
552792802309181440 136692 341 400.85630498533726 True 2012 3641
614467824313106432 UNK UNK UNK UNK UNK UNK
616421546702336000 9787480 2753 3555.2052306574647 True 2007 126058
524966904885428226 3076574 627 4906.81658692185 True 2009 23032
614593386188828672 15411838 528 29189.08712121212 True 2009 60430
614604580601597953 3726974 265 14064.052830188679 True 2007 27693
649881917534433280 46268650 904 51182.13495575221 True 2007 206476
544520273718812672 72810 1017 71.59292035398231 True 2009 275
552783667052167168 408995 1101 371.47593097184375 True 2009 7980
552791196247269378 10376281 370 28044.002702702703 True 2007 41730
623599854661541888 1139731 715 1594.0293706293705 True 2009 8693
649889459836710912 46268645 904 51182.12942477876 True 2007 206476
552834961762709505 3076574 627 4906.81658692185 True 2009 23032
544358533819420672 10376281 370 28044.002702702703 True 2007 41730
651018580989972480 96996 4159 23.321952392402018 False 2008 1664
552791578893619200 8697709 1084 8023.716789667897 True 2009 63165
614605997953404929 14003057 7037 1989.9185732556487 True 2009 98167
525019752507658240 UNK UNK UNK UNK UNK UNK
544277117039837184 461726 15492 29.804156984249936 True 2008 4444
544504183341064192 1614328 195 8278.605128205128 True 2009 3941
525025279803424768 8734 2141 4.079402148528725 True 2007 512
524944399890124801 1285570 409 3143.20293398533 True 2009 9035
614610102927147008 49180 651 75.54531490015361 False 2011 1213
614628865353351168 10376281 370 28044.002702702703 True 2007 41730
552793679082311680 2862962 748 3827.4893048128342 True 2008 18553
553589051044151296 136692 341 400.85630498533726 True 2012 3641
544350712365207552 200157 14561 13.74610260284321 True 2007 2572
614594195479752704 1007485 474 2125.4957805907175 True 2007 11185
552792544132997121 3194022 1146 2787.104712041885 True 2008 24605
544381485591982083 11777 953 12.35781741867786 True 2012 219
649985459389661184 46268654 904 51182.13938053097 True 2007 206476
524995771587108864 53713 1163 46.18486672398968 True 2009 415
614645853291155457 3726976 265 14064.06037735849 True 2007 27693
615494435074363392 249797 11 22708.81818181818 False 2012 207
553587013409325058 1849393 675 2739.8414814814814 True 2011 22879
544283772569788416 5938568 28 212091.7142857143 True 2007 26680
524925987239120897 200854 304 660.703947368421 True 2009 3154
614593989203886080 45080 956 47.15481171548117 True 2009 540
544301453717041152 235446 8273 28.459567267013174 False 2011 3923
552792913910833152 3361676 453 7420.918322295805 True 2007 10910
619242759359037440 1759297 1747 1007.0389238694905 False 2012 1629
614601139422633984 1425794 456 3126.7412280701756 True 2009 10848
544289311504355328 UNK UNK UNK UNK UNK UNK
580348081100734464 42875686 3 14291895.333333334 True 2007 139976
616765822095261700 23891320 81 294954.56790123455 True 2008 65583
628319096606732290 6583956 2907 2264.8627450980393 True 2007 23940
553543369604210689 UNK UNK UNK UNK UNK UNK
614599619310407680 18954433 269 70462.57620817843 True 2007 67258
614615157730357248 3726976 265 14064.06037735849 True 2007 27693
553508098825261056 7508338 1823 4118.671420735052 True 2008 44751
580324027715063808 965473 168 5746.863095238095 True 2009 5290
628336948810268673 265413 1087 244.1701931922723 True 2012 1263
525056576038518785 2862962 748 3827.4893048128342 True 2008 18553
544289941996326912 717470 545 1316.4587155963302 True 2007 5912
544399927045283840 42875687 3 14291895.666666666 True 2007 139976
552832817089236992 35064 265 132.31698113207548 True 2011 1346
553221600955621376 UNK UNK UNK UNK UNK UNK
524969201102901248 1915252 369 5190.384823848239 True 2009 6922
525049639016615937 23419 124 188.86290322580646 True 2009 218
614790312955904000 17030431 495 34404.91111111111 True 2008 104246
544511199702822913 335165 213 1573.544600938967 True 2010 1556
628681462976528384 7510004 513 14639.384015594542 True 2008 52551
614595181845839873 21670 1772 12.229119638826186 True 2009 800
524923676484177920 39253 4016 9.774153386454183 True 2009 681
616481759329427456 9787480 2753 3555.2052306574647 True 2007 126058
544352727971954690 9527951 560 17014.198214285716 True 2007 88122
544278335455776769 1849393 675 2739.8414814814814 True 2011 22879
614617234942656512 2055723 2364 869.5951776649746 True 2008 23370
623533663947517952 UNK UNK UNK UNK UNK UNK
614628136634949632 511870 11565 44.26026805015132 False 2009 3750
525060425184858112 57435895 120 478632.4583333333 True 2007 186632
544515538383564801 102440 2255 45.427937915742795 True 2009 1977
544514564407427072 23664 676 35.005917159763314 True 2013 442
650037735579910145 268206 422 635.5592417061612 True 2008 2284
614616994499788800 UNK UNK UNK UNK UNK UNK
525023025792835585 66306 32015 2.0710916757769797 True 2008 948
524931324763992064 UNK UNK UNK UNK UNK UNK
614648099542204416 3445975 513 6717.300194931774 True 2007 38059
544512664769396736 3076574 627 4906.81658692185 True 2009 23032
650128194209730561 46268659 904 51182.14491150442 True 2007 206476
524943490887991296 232996 484 481.39669421487605 True 2009 2445
544278985249550337 123945 3834 32.327856025039125 True 2009 1366
614638036593299456 3445975 513 6717.300194931774 True 2007 38059
524923462398513152 12695 2970 4.274410774410774 True 2011 426
525058976376193024 UNK UNK UNK UNK UNK UNK
674263945172119552 6316140 339 18631.681415929204 True 2008 38773
544289409294553088 116063 3529 32.88835364125815 True 2009 2458
614624331717545984 357231 1425 250.68842105263158 True 2009 4233
525025463648137216 1915252 369 5190.384823848239 True 2009 6922
616311563071434753 158460 260 609.4615384615385 True 2009 1757
628604055644934144 5834 934 6.2462526766595285 True 2010 109
524980744658382848 1285571 409 3143.2053789731053 True 2009 9035
650046859537448960 46268658 904 51182.14380530974 True 2007 206476
640967537178472448 2439215 258969 9.418945896999254 True 2008 18996
544391533240516608 6122106 246 24886.60975609756 True 2007 53721
544350567183556608 19575 1996 9.807114228456914 True 2009 494
553476490315431937 2522389 2310 1091.94329004329 True 2008 13998
524942470472548352 14918 1182 12.62098138747885 True 2009 312
552806757672964097 4072046 628 6484.149681528663 True 2008 34768
614494460747997184 UNK UNK UNK UNK UNK UNK
552984502063337472 1849393 675 2739.8414814814814 True 2011 22879
524975705206304769 1285572 409 3143.20782396088 True 2009 9035
649974380416618496 21778567 1114 19549.880610412925 True 2007 123571
524965775036387329 22362 1268 17.63564668769716 True 2010 196
614494170590367744 UNK UNK UNK UNK UNK UNK
614626710248534016 3445975 513 6717.300194931774 True 2007 38059
614614133410033664 7508342 1823 4118.673614920461 True 2008 44751
553586860334010368 455562 275 1656.5890909090908 True 2013 1470
553588178687655936 11494631 5669 2027.6293878991003 True 2008 84670
524926235030589440 235446 8273 28.459567267013174 False 2011 3923
674358835675549696 6316140 339 18631.681415929204 True 2008 38773
525068915068923904 16448 1284 12.809968847352025 False 2008 272
544520042810200064 110373 7053 15.649085495533816 False 2011 134
524922729485848576 UNK UNK UNK UNK UNK UNK
544476808566276097 5938274 28 212081.2142857143 True 2007 26677
553531413459660800 4028545 3 1342848.3333333333 True 2009 21351
544391176137089024 10376284 370 28044.01081081081 True 2007 41730
553558982476828674 36983 1626 22.744772447724475 True 2011 976
614599815280857088 319514 1547 206.53781512605042 True 2009 4316
632377165477191680 UNK UNK UNK UNK UNK UNK
656870311057575936 15946795 5295 3011.6704438149195 True 2009 59078
672513234419638273 15411842 528 29189.094696969696 True 2009 60430
647169726158925824 3341240 345 9684.753623188406 True 2008 17552
641088973717110784 390 671 0.5812220566318927 False 2010 28
642027433693171712 3341240 345 9684.753623188406 True 2008 17552
626516248206135296 1352735 4778 283.1174131435747 True 2012 13067
629209452793626624 10492 334 31.41317365269461 False 2013 9
662151653462790144 UNK UNK UNK UNK UNK UNK
659439879701602304 62164 311 199.88424437299037 False 2013 587
640107106943766528 4565 754 6.054376657824934 True 2010 217
647168914955243520 23571 4991 4.722700861550791 True 2009 888
613023744454475776 3341240 345 9684.753623188406 True 2008 17552
626642648179159040 6583956 2907 2264.8627450980393 True 2007 23940
615346611955183616 UNK UNK UNK UNK UNK UNK
666810213274689537 1205130 4203 286.73090649536044 True 2007 8931
676094756758364160 2527830 1 2527830.0 False 2007 8237
626898253900943360 UNK UNK UNK UNK UNK UNK
647169573599449088 235446 8273 28.459567267013174 False 2011 3923
637873886072320001 47334475 1106 42797.89783001808 True 2007 145484
651825062174195712 7394139 1931 3829.17607457276 True 2010 19267
674187250792558592 29227 3270 8.937920489296635 False 2010 872
675193315306905600 3076574 627 4906.81658692185 True 2009 23032
668872645589471232 2527831 1 2527831.0 False 2007 8237
669613420665159680 254178 67 3793.7014925373132 True 2008 5051
618805892222468096 1133157 971 1167.0 True 2011 4359
645362146415525888 UNK UNK UNK UNK UNK UNK
643103859729166337 766498 1017 753.68534906588 True 2011 5245
674364257799004160 UNK UNK UNK UNK UNK UNK
666190716448587776 91368 14505 6.299069286452947 False 2013 564
634404792241143809 11429395 10 1142939.5 True 2008 72865
631388553801564160 50651 23534 2.152247811676723 False 2014 141
672219174463275008 15411843 528 29189.096590909092 True 2009 60430
667534186450825216 UNK UNK UNK UNK UNK UNK
676120162018451456 UNK UNK UNK UNK UNK UNK
674229534888185856 2862962 748 3827.4893048128342 True 2008 18553
672902686380003328 UNK UNK UNK UNK UNK UNK
666070802924617728 UNK UNK UNK UNK UNK UNK
674244561519161344 9787479 2753 3555.204867417363 True 2007 126058
655080266784968705 47334479 1106 42797.901446654614 True 2007 145484
633823543541768192 UNK UNK UNK UNK UNK UNK
642145732435292160 47334480 1106 42797.90235081374 True 2007 145484
662381914842603520 UNK UNK UNK UNK UNK UNK
676870737932742656 15411843 528 29189.096590909092 True 2009 60430
626770498328895488 169681 11954 14.194495566337627 False 2012 653
628045645010608128 UNK UNK UNK UNK UNK UNK
659462980476637184 UNK UNK UNK UNK UNK UNK
672539897899577344 UNK UNK UNK UNK UNK UNK
672433211604013057 114175 6058 18.846979201056453 False 2012 965
674014933235859456 UNK UNK UNK UNK UNK UNK
664000310856310784 2196558 729 3013.1111111111113 True 2008 10937
657007736467525632 2527831 1 2527831.0 False 2007 8237
620971220301787136 UNK UNK UNK UNK UNK UNK
611039775856812032 10376288 370 28044.02162162162 True 2007 41730
613294443878305796 263427 1835 143.55694822888285 True 2011 3291
675064077367005184 102586 1315 78.01216730038023 False 2009 1292
613362193787129860 UNK UNK UNK UNK UNK UNK
638047610973089793 5375 92 58.42391304347826 False 2013 105
653250169752977408 47334479 1106 42797.901446654614 True 2007 145484
669259395902152704 UNK UNK UNK UNK UNK UNK
675005503160901632 373849 618 604.9336569579287 True 2011 6051
614054616154550273 UNK UNK UNK UNK UNK UNK
676067381299576832 3329083 337 9878.584569732937 True 2009 13238
672424512516964352 3329083 337 9878.584569732937 True 2009 13238
604642913188872192 409831 106 3866.330188679245 False 2013 2953
656880145769197568 UNK UNK UNK UNK UNK UNK
663817239896821760 6583956 2907 2264.8627450980393 True 2007 23940
672632863452299264 174409 167974 1.0383095002798053 False 2010 724
666051332504207360 342496 1405 243.76939501779358 True 2009 6465
672927317191229440 UNK UNK UNK UNK UNK UNK
656811196218286080 398299 1409 282.6820440028389 True 2010 4785
652783670370115585 2527831 1 2527831.0 False 2007 8237
662430295254175744 459840 1156 397.7854671280277 False 2010 5035
673686233936072704 1205130 4203 286.73090649536044 True 2007 8931
665358434351509504 UNK UNK UNK UNK UNK UNK
604625816992002049 UNK UNK UNK UNK UNK UNK
656595123590012928 398299 1409 282.6820440028389 True 2010 4785
613016993692798977 225815 995 226.9497487437186 True 2013 2001
647464349611589632 47334483 1106 42797.90506329114 True 2007 145484
613404935003217920 11494632 5669 2027.6295642970542 True 2008 84670
658259426172891136 UNK UNK UNK UNK UNK UNK
674301413040758785 10376288 370 28044.02162162162 True 2007 41730
676718762830221312 2196558 729 3013.1111111111113 True 2008 10937
651321040119963648 UNK UNK UNK UNK UNK UNK
634665777400950784 UNK UNK UNK UNK UNK UNK
613114185505996802 14003058 7037 1989.91871536166 True 2009 98167
638050997340893184 47334483 1106 42797.90506329114 True 2007 145484
626897206717624320 UNK UNK UNK UNK UNK UNK
613061089518034944 408730 2058 198.60544217687075 True 2011 1257
671181758692507648 144607 42920 3.3692218080149114 True 2012 1572
675043569367982081 388537 1977 196.52857865452705 True 2008 8543
663904307113275392 10376288 370 28044.02162162162 True 2007 41730
637868242560638980 27282 4988 5.469526864474739 False 2015 134
648894687542034432 UNK UNK UNK UNK UNK UNK
656955120626880512 UNK UNK UNK UNK UNK UNK
673984270902427650 2128 1713 1.2422650321074138 False 2010 185
633949800761700352 3341242 345 9684.759420289854 True 2008 17552
648310692794109952 2527831 1 2527831.0 False 2007 8237
661251968078221312 UNK UNK UNK UNK UNK UNK
620916279608651776 UNK UNK UNK UNK UNK UNK
645711628046995462 6527 3808 1.7140231092436975 False 2012 102
645356735545364480 11378 32 355.5625 False 2015 2
667465205258051584 67454 59851 1.127032129788976 False 2012 282
663515735231062016 10772 3034 3.5504284772577455 False 2015 103
669201837187334144 2527831 1 2527831.0 False 2007 8237
622858454949040128 91813 996 92.18172690763052 True 2009 1447
643225207705075716 11234 5191 2.1641302253900982 False 2015 148
672906198434209792 15411845 528 29189.10037878788 True 2009 60430
672488384695279616 64277 64204 1.0011370008099183 False 2012 201
612741808125120513 503760 2 251880.0 True 2014 2503
660466342038867969 4796 671 7.147540983606557 False 2015 54
652992524504600576 UNK UNK UNK UNK UNK UNK
651402689352351744 11234004 94725 118.59597783056215 True 2006 27770
618449248179191808 UNK UNK UNK UNK UNK UNK
643139873264812032 UNK UNK UNK UNK UNK UNK
641430951403343872 993037 3783 262.49986782976475 False 2012 2298
672432930426372096 136022 114010 1.193070783264626 False 2009 940
627828211003469825 6583955 2907 2264.862401100791 True 2007 23940
663385747177775105 2527831 1 2527831.0 False 2007 8237
620835698514464768 UNK UNK UNK UNK UNK UNK
654351281260113920 28 55 0.509090909090909 False 2013 0
665361505303584774 12127 12268 0.9885066840560809 False 2008 279
677099574855639044 15411846 528 29189.102272727272 True 2009 60430
652882609219833856 47334481 1106 42797.90325497287 True 2007 145484
681767380305985536 9787479 2753 3555.204867417363 True 2007 126058
629503919098429440 571 357 1.5994397759103642 False 2013 0
612841482823729152 144607 42920 3.3692218080149114 True 2012 1572
661102820976930816 43644 9 4849.333333333333 False 2011 830
656202544331517952 658853 8029 82.05916054303151 True 2007 11168
673664899571060736 113921 3963 28.74615190512238 True 2012 2540
604354747357859842 UNK UNK UNK UNK UNK UNK
613393657161510913 1125659 465 2420.772043010753 True 2008 6685
675065047710892033 514088 1998 257.3013013013013 True 2008 3750
600451916414484480 15501 25 620.04 False 2013 92
612438528803213312 5069 1445 3.5079584775086503 False 2007 206
661870323034431489 1845 2954 0.6245768449559919 False 2009 53
672169954016403456 15411846 528 29189.102272727272 True 2009 60430
673615263040798726 668456 2779 240.53832313781936 True 2012 3972
594687353937100801 UNK UNK UNK UNK UNK UNK
656662726014599168 24647218 125 197177.744 True 2007 115821
635632641635667968 2908925 1171 2484.137489325363 True 2007 15238
673581371458199552 221029 4194 52.701239866475916 True 2009 994
674015148382666752 UNK UNK UNK UNK UNK UNK
667379734343471104 UNK UNK UNK UNK UNK UNK
656834590779289600 398299 1409 282.6820440028389 True 2010 4785
661229627734667264 209935 3943 53.24245498351509 True 2008 5506
663722803489808384 9787479 2753 3555.204867417363 True 2007 126058
672828403016429568 UNK UNK UNK UNK UNK UNK
659428447459110912 64259 188 341.8031914893617 False 2012 546
673611867181473792 24674 2055 12.006812652068126 True 2010 631
658462819667615744 UNK UNK UNK UNK UNK UNK
656629493377990656 UNK UNK UNK UNK UNK UNK
666107476526432256 UNK UNK UNK UNK UNK UNK
613194145423826944 721010 687 1049.5050946142649 True 2007 7344
641443248909754368 9787479 2753 3555.204867417363 True 2007 126058
622891631293935616 188920 28625 6.599825327510917 False 2009 1306
666640008149925893 103961 6686 15.54905773257553 True 2007 4896
673696115305406466 78118 163 479.2515337423313 True 2010 78
618804516578680832 47334488 1106 42797.909584086796 True 2007 145484
674080899055546368 9195 988 9.30668016194332 False 2011 390
641050980985999360 UNK UNK UNK UNK UNK UNK
626546123713474560 6583955 2907 2264.862401100791 True 2007 23940
673346166822694914 UNK UNK UNK UNK UNK UNK
641191076716417025 UNK UNK UNK UNK UNK UNK
626739062792032256 6583955 2907 2264.862401100791 True 2007 23940
714555825122107392 1775 3823 0.4642950562385561 False 2009 116
722885778448121857 254178 67 3793.7014925373132 True 2008 5051
651786568592658433 14729 222 66.34684684684684 True 2010 219
663744139666804736 117466 80988 1.4504124067763124 True 2013 1685
748558349139058688 101583 7030 14.449928876244666 False 2011 620
724320681517670400 18953427 269 70458.83643122677 True 2007 67262
653432261203750912 5964345 3901 1528.9271981543195 True 2008 21577
742678930516123650 UNK UNK UNK UNK UNK UNK
727172374999666688 2246162 1182 1900.3062605752962 True 2010 13213
743126914794037248 29709 5 5941.8 False 2013 39
715256242990505984 3248060 691 4700.520984081042 True 2007 24783
752965545528528898 7477089 1719 4349.673647469459 True 2008 32001
752875379765968897 16677 17255 0.9665024630541872 False 2007 800
715254040289021952 209936 3943 53.242708597514586 True 2008 5506
707405809181917184 3726983 265 14064.08679245283 True 2007 27693
714598641827246081 223683 981 228.01529051987768 True 2009 2201
707412869860696064 3726983 265 14064.08679245283 True 2007 27693
701872343736520704 11815799 1460 8093.01301369863 True 2010 22463
726086935903494144 668456 2779 240.53832313781936 True 2012 3972
701539698452393986 46268670 904 51182.157079646015 True 2007 206476
707321278135463936 217945 2323 93.82049074472664 True 2008 5302
727966590084485120 11494633 5669 2027.629740695008 True 2008 84670
724348906096590849 18954444 269 70462.61710037175 True 2007 67258
778949749156245504 UNK UNK UNK UNK UNK UNK
755439197125767169 14003059 7037 1989.918857467671 True 2009 98167
760120409429643266 2236203 97 23053.639175257733 True 2009 3139
649584608560832513 241629 1201 201.18984179850125 True 2010 2378
727854332188577792 UNK UNK UNK UNK UNK UNK
748543642323783681 UNK UNK UNK UNK UNK UNK
780436430732525569 28105 826 34.02542372881356 True 2008 489
764931593303646208 263427 1835 143.55694822888285 True 2011 3291
732981604826677249 17030433 495 34404.91515151515 True 2008 104246
714577521992343552 7136 756 9.43915343915344 False 2010 240
707420972173955072 1635594 11633 140.59950141837874 True 2008 19099
749286768554438658 47334488 1106 42797.909584086796 True 2007 145484
724703995147751424 4072048 628 6484.152866242038 True 2008 34768
714560810266132480 1814788 199 9119.537688442211 True 2008 16587
714503380476026880 10956 165 66.4 False 2009 256
728627623488786433 375306 205 1830.760975609756 False 2011 739
727179214546456577 1326025 114 11631.798245614034 True 2012 9592
707308274270539777 UNK UNK UNK UNK UNK UNK
716461257025581056 56759 1969 28.826307770441847 False 2015 482
650975967146602496 1578591 3305 477.6372163388805 True 2009 16832
760928376668454912 237667 866 274.44226327944574 True 2009 1721
725983128444129280 188920 28625 6.599825327510917 False 2009 1306
715671763808493569 120058 106528 1.127008861519976 False 2009 1004
730939370765754368 UNK UNK UNK UNK UNK UNK
655812191233417216 47558 42624 1.1157563813813813 False 2010 318
778530869208190976 11758 5125 2.294243902439024 False 2016 151
778625026144792577 209936 3943 53.242708597514586 True 2008 5506
707310135291416576 231479 582 397.7302405498282 True 2008 2789
716092408920936448 UNK UNK UNK UNK UNK UNK
778681502825451520 382446 769 497.3289986996099 True 2010 5318
714851393861881857 23629 534 44.249063670411985 False 2015 159
714998347111669760 11815800 1460 8093.013698630137 True 2010 22463
729647367457230850 15946800 5295 3011.671388101983 True 2009 59078
760109079133990912 2236203 97 23053.639175257733 True 2009 3139
728038172270198787 293982 1037 283.4927675988428 False 2012 1263
701975210044497921 39333 3430 11.46734693877551 True 2010 676
780882510645370880 161938 2162 74.90194264569843 True 2007 2544
742050150307246080 52261 33113 1.5782623138948448 False 2008 1334
727623131494387714 43062 27882 1.5444372713578653 False 2015 49
751536167183613952 178977 1335 134.06516853932584 False 2009 3190
723477822950395904 3076574 627 4906.81658692185 True 2009 23032
743058135300988932 UNK UNK UNK UNK UNK UNK
653432177632387072 11776272 115615 101.85764822903603 True 2007 35705
765735409984806912 121393 6463 18.78276342255918 True 2008 2332
652300118205427716 UNK UNK UNK UNK UNK UNK
763520953619918848 323052 8127 39.75046142488003 False 2010 2120
740791134146965504 367315 17185 21.374163514693045 True 2009 2627
697992796565741569 1184 435 2.72183908045977 False 2010 29
763738618573623297 UNK UNK UNK UNK UNK UNK
778299287293816832 UNK UNK UNK UNK UNK UNK
714531423273746432 35433 3305 10.721028744326778 False 2011 868
743764020679741440 188880 754 250.50397877984085 True 2008 1202
763896522790440960 UNK UNK UNK UNK UNK UNK
778689027918618625 8153602 70187 116.16968954364768 True 2007 68138
714567472712589312 153016 8135 18.80958819913952 False 2012 1311
748640007934590976 47334493 1106 42797.91410488246 True 2007 145484
726442550266044416 241700 31885 7.580366943703936 True 2011 3236
715253497462145024 1007486 474 2125.4978902953585 True 2007 11185
658938136299511808 2862962 748 3827.4893048128342 True 2008 18553
726190016435728385 1326026 114 11631.807017543859 True 2012 9592
724603564946010112 1326026 114 11631.807017543859 True 2012 9592
745236050407194624 382446 769 497.3289986996099 True 2010 5318
727982226290442240 1016675 2774 366.50144196106703 True 2009 5485
705092738224525312 235446 8273 28.459567267013174 False 2011 3923
648993731169939456 2196560 729 3013.113854595336 True 2008 10937
640118021101604864 2920859 282 10357.656028368794 True 2009 33105
650254360727973889 52730 1738 30.339470655926352 False 2009 787
742571519105077248 UNK UNK UNK UNK UNK UNK
728101712762834944 139 153 0.9084967320261438 False 2013 0
652000523525091328 2862961 748 3827.4879679144383 True 2008 18553
755475529294352385 13192 8710 1.5145809414466131 False 2015 146
724624672604610562 7312 2271 3.219726992514311 False 2010 77
723915846985342976 4066996 977 4162.738996929375 True 2008 15039
733242244522725376 78306 38188 2.05053943647219 False 2013 588
651486105628463105 13835 99 139.74747474747474 True 2011 65
775672628493357057 2138761 2061 1037.72974284328 True 2009 5615
716448280201269248 9023 4254 2.121062529384109 False 2015 92
759460236042305536 1062610 11677 91.0002569153036 True 2008 9913
766808183696351233 UNK UNK UNK UNK UNK UNK
707332312724283392 429563 16799 25.57074825882493 True 2011 2765
651044059222556674 104754 981 106.78287461773701 True 2010 1302
728207861050970112 426163 52 8195.442307692309 False 2011 3113
707604196812591104 235447 8273 28.45968814214916 False 2011 3923
727116900983934976 126919 14587 8.700829505724275 True 2008 2314
756690088533393409 1797109 661 2718.7730711043873 True 2008 32533
723365789378584578 1734826 509 3408.302554027505 True 2009 4220
741995157969592321 UNK UNK UNK UNK UNK UNK
724661834419048448 1133 369 3.0704607046070462 False 2012 44
765887221736046592 UNK UNK UNK UNK UNK UNK
701175292937707520 UNK UNK UNK UNK UNK UNK
650710483289419776 518588 2 259294.0 False 2012 2483
652349108653551616 11494633 5669 2027.629740695008 True 2008 84670
723511860516016128 545911 14343 38.06114480931465 True 2009 6356
715255507506892800 1007486 474 2125.4978902953585 True 2007 11185
726043971911213057 1326026 114 11631.807017543859 True 2012 9592
728631482722308096 668456 2779 240.53832313781936 True 2012 3972
778572032531427332 209936 3943 53.242708597514586 True 2008 5506
714811995573325828 UNK UNK UNK UNK UNK UNK
742114513726623744 254178 67 3793.7014925373132 True 2008 5051
757367391202471937 1797109 661 2718.7730711043873 True 2008 32533
728625967921401856 665258 30364 21.909432222368594 True 2007 11632
757748522481491968 188781 82780 2.28051461705726 False 2011 1129
654336219447472128 11588 331 35.00906344410876 False 2013 41
740748123581087745 28756 7228 3.9784172661870505 True 2009 1083
655815788675399680 31272 9 3474.6666666666665 False 2014 75
651809229842608128 6048 4665 1.2964630225080387 False 2009 161
707300612862566400 641988 9585 66.97840375586854 True 2009 7535
747275598347837440 UNK UNK UNK UNK UNK UNK
655432919595548672 65782 1697 38.76370064820271 False 2014 216
742012307694223361 241700 31885 7.580366943703936 True 2011 3236
747443219487678464 241700 31885 7.580366943703936 True 2011 3236
751856580874960897 3816 1183 3.2256973795435333 False 2010 72
763428684850094080 UNK UNK UNK UNK UNK UNK
676586804242309121 1635594 11633 140.59950141837874 True 2008 19099
723521076446142465 766384 1274 601.5572998430141 True 2009 2075
756282236375277568 1797110 661 2718.7745839636914 True 2008 32533
706665777332621314 1067524 123191 8.665600571470318 True 2008 14696
725174535897620481 186812 57268 3.262066075295104 False 2009 447
727834854931435522 2138762 2061 1037.7302280446386 True 2009 5615
716457799392342018 11075 12197 0.9080101664343692 False 2015 128
731166399389962242 UNK UNK UNK UNK UNK UNK
715264793737879553 17030431 495 34404.91111111111 True 2008 104246
755447443009916929 721011 687 1049.5065502183406 True 2007 7344
727588444000526336 UNK UNK UNK UNK UNK UNK
744390771869102080 UNK UNK UNK UNK UNK UNK
742055437932040193 UNK UNK UNK UNK UNK UNK
716439952922312704 56759 1969 28.826307770441847 False 2015 482
650952376954650629 148795 3809 39.06405880808611 True 2009 1921
758825535480864769 UNK UNK UNK UNK UNK UNK
714755546285477888 225468 915 246.41311475409836 True 2011 1256
715515982584881152 1139733 715 1594.032167832168 True 2009 8693
732971411157880832 UNK UNK UNK UNK UNK UNK
745365403237376000 UNK UNK UNK UNK UNK UNK
766789709045518336 UNK UNK UNK UNK UNK UNK
716451800581279744 UNK UNK UNK UNK UNK UNK
658755852199927808 382446 769 497.3289986996099 True 2010 5318
723772395211862016 4066996 977 4162.738996929375 True 2008 15039
727187859367546880 186812 57268 3.262066075295104 False 2009 447
