688027085730897921 42874718 3 14291572.666666666 True 2007 139970
693091255685787648 35284579 319 110609.96551724138 True 2007 60860
692742353736568833 42874718 3 14291572.666666666 True 2007 139970
691616143161819136 974352 4629 210.48865845755023 True 2009 11924
692932696645865472 35284578 319 110609.96238244514 True 2007 60860
692922211338981377 42874718 3 14291572.666666666 True 2007 139970
693803472806760448 35284580 319 110609.96865203761 True 2007 60860
693272659447119873 47330663 1106 42794.45117540687 True 2007 145472
690680310061756416 42874718 3 14291572.666666666 True 2007 139970
686421576904916992 4408112 2535 1738.9001972386588 True 2008 20409
689100941119848449 42874718 3 14291572.666666666 True 2007 139970
693083689098477568 35284580 319 110609.96865203761 True 2007 60860
692004901455556608 12952556 229 56561.37991266375 True 2009 61526
764573523713011713 12952556 229 56561.37991266375 True 2009 61526
693140568143220736 6316155 339 18631.725663716814 True 2008 38774
687617323235147776 578211 650 889.5553846153846 True 2007 7341
693600369281253376 35284580 319 110609.96865203761 True 2007 60860
693912520923295745 18953387 269 70458.687732342 True 2007 67252
693523133920342016 46267213 904 51180.5453539823 True 2007 206477
767515401831997440 11429375 10 1142937.5 True 2008 72861
693457310824468480 12952556 229 56561.37991266375 True 2009 61526
692764799315398656 57435063 120 478625.525 True 2007 186622
767170849472405508 57435062 120 478625.51666666666 True 2007 186622
691667941314662400 233253 2232 104.50403225806451 True 2007 12794
693921710383337472 3445994 513 6717.337231968811 True 2007 38059
767580827513397252 21777970 1114 19549.3447037702 True 2007 123556
692134022839955456 11429375 10 1142937.5 True 2008 72861
693804630615166977 5569139 217 25664.235023041474 True 2008 51529
685633217160998912 2955198 6616 446.6744256348247 True 2008 15525
693643778033344512 9787555 2753 3555.2324736650926 True 2007 126059
684118654418419712 1092063 3921 278.5164498852334 True 2007 9145
766719302401613825 1125656 465 2420.7655913978497 True 2008 6685
693071700200722433 21777973 1114 19549.3473967684 True 2007 123556
692497796956561408 42874722 3 14291574.0 True 2007 139970
688814621034213376 4028122 3 1342707.3333333333 True 2009 21353
767482587879051265 UNK UNK UNK UNK UNK UNK
762775964224847872 12952556 229 56561.37991266375 True 2009 61526
641665203046907904 2510076 22017 114.0062678839079 True 2007 30794
692759090469212160 11429375 10 1142937.5 True 2008 72861
693068611951300608 35284580 319 110609.96865203761 True 2007 60860
693456340790804480 UNK UNK UNK UNK UNK UNK
693126696132804608 12952556 229 56561.37991266375 True 2009 61526
690915657106526208 725532 936 775.1410256410256 True 2010 5454
686701278785843200 4408113 2535 1738.9005917159764 True 2008 20409
691064699853606913 1797123 661 2718.7942511346446 True 2008 32531
692881863644282880 9527856 560 17014.02857142857 True 2007 88122
693102023764492288 42874723 3 14291574.333333334 True 2007 139970
765863022506151937 42874723 3 14291574.333333334 True 2007 139970
693802524579618816 47330683 1106 42794.46925858951 True 2007 145472
693595814401327104 11776271 115615 101.85763957963933 True 2007 35705
687639526282498049 11776271 115615 101.85763957963933 True 2007 35705
767463109778894848 35284580 319 110609.96865203761 True 2007 60860
693198912660885505 11429375 10 1142937.5 True 2008 72861
767715489485205505 35284580 319 110609.96865203761 True 2007 60860
693443289370882049 12952556 229 56561.37991266375 True 2009 61526
693696168908423168 57435061 120 478625.50833333336 True 2007 186622
699252269414354944 239337 93520 2.559206586826347 True 2007 10520
693501482721681408 35284582 319 110609.9749216301 True 2007 60860
692747901815119872 9527856 560 17014.02857142857 True 2007 88122
693484841011060737 18953387 269 70458.687732342 True 2007 67252
687734662249246724 11776271 115615 101.85763957963933 True 2007 35705
690926324903317504 12952556 229 56561.37991266375 True 2009 61526
693512850539683842 11429374 10 1142937.4 True 2008 72861
690522824797196288 42874727 3 14291575.666666666 True 2007 139970
691809004356501505 12952556 229 56561.37991266375 True 2009 61526
693807822971236353 47330697 1106 42794.481916817356 True 2007 145472
691976624665919488 2955198 6616 446.6744256348247 True 2008 15525
693216311502073856 5569139 217 25664.235023041474 True 2008 51529
693899062098137088 46267212 904 51180.54424778761 True 2007 206477
692800345274241025 15840462 31412 504.28059340379474 True 2007 31547
765934198297362432 57435062 120 478625.51666666666 True 2007 186622
767300637012951040 42874727 3 14291575.666666666 True 2007 139970
693769968199061504 57435063 120 478625.525 True 2007 186622
693160939802214400 47330686 1106 42794.47197106691 True 2007 145472
761355585724055553 12952556 229 56561.37991266375 True 2009 61526
692927739066740741 11429374 10 1142937.4 True 2008 72861
767355933919997952 57435061 120 478625.50833333336 True 2007 186622
692105324111761408 57435063 120 478625.525 True 2007 186622
693214543615561729 47330687 1106 42794.47287522604 True 2007 145472
692134721195786240 15840462 31412 504.28059340379474 True 2007 31547
693465666259656705 42874729 3 14291576.333333334 True 2007 139970
688763099298529280 233253 2232 104.50403225806451 True 2007 12794
683158807959089152 1111216 2358 471.25360474978794 True 2007 14462
693537938425171968 46267219 904 51180.551991150445 True 2007 206477
688110059553861634 12952556 229 56561.37991266375 True 2009 61526
764473554431725568 12952556 229 56561.37991266375 True 2009 61526
693806234026188801 3154893 1254 2515.8636363636365 True 2007 33217
690296550803636224 12952556 229 56561.37991266375 True 2009 61526
692405195796529152 42874729 3 14291576.333333334 True 2007 139970
692688891174739968 4296176 8022 535.5492395911244 True 2007 19612
692046121250586624 3840486 724 5304.53867403315 True 2008 30006
693549273468764160 46267220 904 51180.55309734513 True 2007 206477
693355140284334081 47330693 1106 42794.47830018083 True 2007 145472
687617735833026560 578211 650 889.5553846153846 True 2007 7341
693098795022725120 35284581 319 110609.97178683386 True 2007 60860
693916809125351425 11429374 10 1142937.4 True 2008 72861
643807909856415744 191109 222 860.8513513513514 True 2008 4568
692290126282649601 4028124 3 1342708.0 True 2009 21353
691206970074738688 3154893 1254 2515.8636363636365 True 2007 33217
690145844318834689 3644638 166 21955.650602409638 True 2009 34488
692098463262216192 15840462 31412 504.28059340379474 True 2007 31547
692818857187213313 27771849 71 391152.8028169014 True 2007 120656
692812029611089920 4071831 628 6483.8073248407645 True 2008 34766
764505291853627392 578211 650 889.5553846153846 True 2007 7341
765631087867367426 12952556 229 56561.37991266375 True 2009 61526
692842124841123842 11429374 10 1142937.4 True 2008 72861
690137637810761728 42874732 3 14291577.333333334 True 2007 139970
692528931459694592 57435067 120 478625.55833333335 True 2007 186622
693925198630821889 35284581 319 110609.97178683386 True 2007 60860
665498651742085124 UNK UNK UNK UNK UNK UNK
767355611277168642 35284581 319 110609.97178683386 True 2007 60860
761027420849745920 144245 653 220.895865237366 True 2008 7232
692566765822435328 35284581 319 110609.97178683386 True 2007 60860
692451275930234880 12952556 229 56561.37991266375 True 2009 61526
692537942439501824 57435067 120 478625.55833333335 True 2007 186622
693853982293254144 18953390 269 70458.69888475837 True 2007 67252
689719109785907200 42874734 3 14291578.0 True 2007 139970
691986377584549888 57435067 120 478625.55833333335 True 2007 186622
693118410444636161 47330710 1106 42794.49367088608 True 2007 145472
767462297270968321 35284581 319 110609.97178683386 True 2007 60860
692854695262445568 578211 650 889.5553846153846 True 2007 7341
767223774072676354 57435063 120 478625.525 True 2007 186622
689798164287741953 42874735 3 14291578.333333334 True 2007 139970
767360696761905153 15840462 31412 504.28059340379474 True 2007 31547
691351064868732928 11429375 10 1142937.5 True 2008 72861
690252631822864384 12952556 229 56561.37991266375 True 2009 61526
693032076543655936 27771849 71 391152.8028169014 True 2007 120656
691632933170450435 11429375 10 1142937.5 True 2008 72861
692792765852286977 11429375 10 1142937.5 True 2008 72861
693116426824093696 5569139 217 25664.235023041474 True 2008 51529
692727606718824448 35284582 319 110609.9749216301 True 2007 60860
766299795833102336 57435062 120 478625.51666666666 True 2007 186622
693533469922693120 15840463 31412 504.28062523876224 True 2007 31547
690174644071047168 2349713 4191 560.656883798616 True 2007 44659
692453106622275585 15840463 31412 504.28062523876224 True 2007 31547
767668607803359234 24647035 125 197176.28 True 2007 115829
692748204064927745 6316154 339 18631.722713864307 True 2008 38774
692190570140340229 42874737 3 14291579.0 True 2007 139970
692745208421679104 35284581 319 110609.97178683386 True 2007 60860
693217698482933760 3247159 691 4699.2170767004345 True 2007 24781
688751183645782016 12952556 229 56561.37991266375 True 2009 61526
688520025754304512 12952556 229 56561.37991266375 True 2009 61526
693560600471863296 35284583 319 110609.97805642633 True 2007 60860
693785810311778304 17029921 495 34403.88080808081 True 2008 104240
693629063932596224 9787555 2753 3555.2324736650926 True 2007 126059
692142338890661888 9527857 560 17014.030357142856 True 2007 88122
693673606279229440 46267220 904 51180.55309734513 True 2007 206477
692332739824095234 42874737 3 14291579.0 True 2007 139970
692336523090509824 57435070 120 478625.5833333333 True 2007 186622
767737100347191297 18953394 269 70458.71375464684 True 2007 67252
693079616072880128 15840463 31412 504.28062523876224 True 2007 31547
767218194385866752 35284582 319 110609.9749216301 True 2007 60860
693487871806689280 35284583 319 110609.97805642633 True 2007 60860
693873151659249669 12952556 229 56561.37991266375 True 2009 61526
690567125128351744 12952556 229 56561.37991266375 True 2009 61526
693711272014155776 24647036 125 197176.288 True 2007 115829
689853056440221696 3644638 166 21955.650602409638 True 2009 34488
692506143147606016 4071831 628 6483.8073248407645 True 2008 34766
689549346875031552 4028125 3 1342708.3333333333 True 2009 21353
767823175480647681 4151922 1505 2758.7521594684385 True 2007 41083
693926742814281729 17029922 495 34403.882828282825 True 2008 104240
693452449173086210 11429375 10 1142937.5 True 2008 72861
764653644138450945 12952556 229 56561.37991266375 True 2009 61526
693686290408181760 5569139 217 25664.235023041474 True 2008 51529
685473149291479040 4314984 232 18599.068965517243 True 2009 18984
693722259740069889 4028125 3 1342708.3333333333 True 2009 21353
693866093123915776 15411529 528 29188.501893939392 True 2009 60423
686527768327274497 653414 4 163353.5 True 2008 14865
688441130271289350 233253 2232 104.50403225806451 True 2007 12794
693554344298467328 46267221 904 51180.554203539825 True 2007 206477
693411834808946688 11494541 5669 2027.6135120832598 True 2008 84673
687631811560763392 42874736 3 14291578.666666666 True 2007 139970
691027026552229888 583977 718 813.3384401114206 True 2007 11939
616686132387028992 653414 4 163353.5 True 2008 14865
691700082601758720 4151923 1505 2758.7528239202657 True 2007 41083
689103487880310785 42874736 3 14291578.666666666 True 2007 139970
692047663211085825 578211 650 889.5553846153846 True 2007 7341
692217618778972161 57435071 120 478625.5916666667 True 2007 186622
767710245779103744 57435071 120 478625.5916666667 True 2007 186622
665317131597291520 UNK UNK UNK UNK UNK UNK
692423131726749697 3586106 6924 517.9240323512421 True 2008 33385
692391757775028228 15840463 31412 504.28062523876224 True 2007 31547
689694470779097088 42874737 3 14291579.0 True 2007 139970
692031514943582208 42874737 3 14291579.0 True 2007 139970
693107789007339521 12952556 229 56561.37991266375 True 2009 61526
692113839387709444 11429375 10 1142937.5 True 2008 72861
690431187916099584 42874737 3 14291579.0 True 2007 139970
676970570160988160 2863440 98601 29.04067910061764 True 2007 31352
767715524222578688 11429375 10 1142937.5 True 2008 72861
693459931022913536 6316154 339 18631.722713864307 True 2008 38774
689208632148365314 42874737 3 14291579.0 True 2007 139970
693485676881403905 47330714 1106 42794.4972875226 True 2007 145471
693204483501887488 2169700 1175 1846.5531914893618 True 2009 11968
693139276708585472 11429375 10 1142937.5 True 2008 72861
691380138710306816 11429375 10 1142937.5 True 2008 72861
688461902821855232 42874737 3 14291579.0 True 2007 139970
689922870689009664 2169700 1175 1846.5531914893618 True 2009 11968
692382471061663744 3586458 6924 517.974870017331 True 2008 33381
692780496590254081 35284582 319 110609.9749216301 True 2007 60860
691564354567798784 42874737 3 14291579.0 True 2007 139970
692734579141185536 2893068 145 19952.193103448277 True 2007 45785
693476901772513280 27771854 71 391152.8732394366 True 2007 120656
765141361033109504 42874738 3 14291579.333333334 True 2007 139970
677950378785271808 144245 653 220.895865237366 True 2008 7232
692113799546048513 15840464 31412 504.2806570737298 True 2007 31547
682629960826224646 UNK UNK UNK UNK UNK UNK
690920430287331328 1169949 1259 929.2684670373312 True 2007 29351
674713782778654721 1184727 602 1967.985049833887 True 2009 12009
693622130735484929 11494541 5669 2027.6135120832598 True 2008 84673
767845555313774593 47330714 1106 42794.4972875226 True 2007 145471
692031224227958789 42874738 3 14291579.333333334 True 2007 139970
689555819059351552 42874738 3 14291579.333333334 True 2007 139970
764753085675761664 42874738 3 14291579.333333334 True 2007 139970
693122199536934912 21777980 1114 19549.35368043088 True 2007 123556
691380348379201536 12952556 229 56561.37991266375 True 2009 61526
692491478619262976 4028125 3 1342708.3333333333 True 2009 21353
693534177694609409 35284585 319 110609.9843260188 True 2007 60860
691006265137299456 12952556 229 56561.37991266375 True 2009 61526
759653274605740032 583977 718 813.3384401114206 True 2007 11939
692838349036326912 15840465 31412 504.2806889086973 True 2007 31547
767094580634202112 12952556 229 56561.37991266375 True 2009 61526
689529955294777344 42874738 3 14291579.333333334 True 2007 139970
693492349142433792 47330725 1106 42794.507233273056 True 2007 145471
688763993633107968 12952556 229 56561.37991266375 True 2009 61526
692510002586714113 12952556 229 56561.37991266375 True 2009 61526
692707593991643136 21777987 1114 19549.359964093357 True 2007 123556
766358933296517121 57435073 120 478625.60833333334 True 2007 186622
692024256520179712 4408114 2535 1738.9009861932939 True 2008 20409
693236688538243074 47330730 1106 42794.51175406871 True 2007 145471
692692529779707904 42874740 3 14291580.0 True 2007 139970
693490132440129536 35284586 319 110609.98746081504 True 2007 60860
693121477491757056 12952556 229 56561.37991266375 True 2009 61526
692023417575448576 57435070 120 478625.5833333333 True 2007 186622
686422922894815233 4408114 2535 1738.9009861932939 True 2008 20409
693056396250652672 11429375 10 1142937.5 True 2008 72861
693934062445187072 57435073 120 478625.60833333334 True 2007 186622
693087256727388161 42874742 3 14291580.666666666 True 2007 139970
687766167558164481 11776271 115615 101.85763957963933 True 2007 35705
764620072228970496 2169700 1175 1846.5531914893618 True 2009 11968
692056985513123840 57435075 120 478625.625 True 2007 186622
688096910217879554 12952556 229 56561.37991266375 True 2009 61526
692736398462300162 35284584 319 110609.98119122257 True 2007 60860
691327238353129472 11429375 10 1142937.5 True 2008 72861
693573042111270912 18953400 269 70458.73605947956 True 2007 67252
692925163994796033 3586107 6924 517.9241767764298 True 2008 33385
693102420688121856 12952556 229 56561.37991266375 True 2009 61526
692287441168900097 42874743 3 14291581.0 True 2007 139970
693456387880402944 47330733 1106 42794.51446654611 True 2007 145471
692924229017309184 1797123 661 2718.7942511346446 True 2008 32531
693481256735150082 27771860 71 391152.95774647885 True 2007 120656
761381302260031489 12952556 229 56561.37991266375 True 2009 61526
692892472729415680 35284585 319 110609.9843260188 True 2007 60860
693792605755285504 17029922 495 34403.882828282825 True 2008 104240
688437279405305856 11776271 115615 101.85763957963933 True 2007 35705
691410231549530112 12952556 229 56561.37991266375 True 2009 61526
693658242044542976 17630623 907 19438.39360529217 True 2007 116975
689833530197671936 3644638 166 21955.650602409638 True 2009 34488
767528171520524288 9787555 2753 3555.2324736650926 True 2007 126058
670380354822348801 1196550 462 2589.935064935065 True 2009 13794
688752484966363136 12952556 229 56561.37991266375 True 2009 61526
688147918113538049 42874745 3 14291581.666666666 True 2007 139970
692267960686284800 42874745 3 14291581.666666666 True 2007 139970
684488313512800256 1196550 462 2589.935064935065 True 2009 13794
675434959939756032 1196550 462 2589.935064935065 True 2009 13794
665302351742275584 UNK UNK UNK UNK UNK UNK
767444114229059584 35284588 319 110609.99373040753 True 2007 60860
693082547664883712 11429374 10 1142937.4 True 2008 72861
691299810553384960 12952556 229 56561.37991266375 True 2009 61526
693676692309700609 46267231 904 51180.56526548672 True 2007 206477
767068504277344260 57435071 120 478625.5916666667 True 2007 186622
693131575261659137 35284586 319 110609.98746081504 True 2007 60860
693855615618322432 11776271 115615 101.85763957963933 True 2007 35705
767330549262278658 35284588 319 110609.99373040753 True 2007 60860
689799953330368513 233253 2232 104.50403225806451 True 2007 12794
766452700049473536 57435081 120 478625.675 True 2007 186622
693524179597955072 35284588 319 110609.99373040753 True 2007 60860
693718533239365633 24647041 125 197176.328 True 2007 115829
692472216135569409 57435073 120 478625.60833333334 True 2007 186622
687632433483759616 42874748 3 14291582.666666666 True 2007 139970
692374052082708480 11429374 10 1142937.4 True 2008 72861
688502260779843587 12952556 229 56561.37991266375 True 2009 61526
689722724470620161 42874750 3 14291583.333333334 True 2007 139970
692127290998784001 11429374 10 1142937.4 True 2008 72861
684878165714563072 980327 2331 420.5607035607036 True 2008 37892
693234925252775936 47330731 1106 42794.512658227846 True 2007 145471
767768054163996672 35284588 319 110609.99373040753 True 2007 60860
688757736310484994 12952556 229 56561.37991266375 True 2009 61526
692816955837804544 578211 650 889.5553846153846 True 2007 7341
678733118648524800 2284761 640 3569.9390625 True 2007 16027
693509689418588160 15840466 31412 504.28072074366486 True 2007 31547
685232704774787072 745723 13321 55.98100743187448 True 2009 13613
767520433247809536 4071833 628 6483.8105095541405 True 2008 34766
692746621218656258 4028126 3 1342708.6666666667 True 2009 21353
693204708933160960 35284588 319 110609.99373040753 True 2007 60860
689214940679409664 4028126 3 1342708.6666666667 True 2009 21353
764449685897568256 745723 13321 55.98100743187448 True 2009 13613
691791477912014850 11429374 10 1142937.4 True 2008 72861
693123067204243456 47330731 1106 42794.512658227846 True 2007 145471
692063305297453060 11429374 10 1142937.4 True 2008 72861
688932211714818048 2863440 98601 29.04067910061764 True 2007 31352
532602376398462976 1168147 118 9899.550847457627 False 2011 3136
407197672702214144 394558 2277 173.27975406236277 True 2007 3468
427846006600777729 2908551 1171 2483.8181041844578 True 2007 15238
501881262240694272 74362 89508 0.8307860749877106 False 2008 1708
527272948680622080 235448 8274 28.456369349770366 False 2011 3924
407193347279699968 3738323 65722 56.88084659626913 True 2009 14810
504106473467944960 3135 1234 2.5405186385737437 False 2009 93
524959836778536961 7509643 513 14638.680311890837 True 2008 52542
551099691702956032 11776271 115615 101.85763957963933 True 2007 35705
524952094986350592 UNK UNK UNK UNK UNK UNK
531183173443801088 158459 260 609.4576923076924 True 2009 1757
407205404075376640 UNK UNK UNK UNK UNK UNK
535474861616148480 2088 1037 2.0135004821600773 True 2008 76
407264593027670016 30993 33690 0.919946571682992 False 2010 263
524185876931162112 43639 416 104.9014423076923 True 2010 1298
507257950868885504 14002665 7037 1989.8628676993037 True 2009 98160
524983325275197440 1285102 409 3142.0586797066017 True 2009 9029
518924377791164420 9787555 2753 3555.2324736650926 True 2007 126058
523863683928457216 7509644 513 14638.682261208576 True 2008 52542
407292452060815360 5127952 5772 888.4185724185725 True 2009 11617
509464217549021184 2131840 61 34948.19672131148 True 2008 13627
524934138563133440 235448 8274 28.456369349770366 False 2011 3924
407164597511393280 UNK UNK UNK UNK UNK UNK
407213772328022016 UNK UNK UNK UNK UNK UNK
427652211414274048 UNK UNK UNK UNK UNK UNK
407176873605865472 5127952 5772 888.4185724185725 True 2009 11617
407184730988097536 3191779 69 46257.666666666664 True 2008 28233
524923293711998976 180339 2070 87.12028985507246 True 2010 1865
525041127343550464 26054 2238 11.641644325290438 True 2009 367
524976106861236226 14002664 7037 1989.8627255932927 True 2009 98160
528676615207653376 3193951 1146 2787.042757417103 True 2008 24607
407267881131732992 2169699 1175 1846.5523404255318 True 2009 11968
407176055657484289 UNK UNK UNK UNK UNK UNK
407162181059612672 2169699 1175 1846.5523404255318 True 2009 11968
536849906997415936 3193951 1146 2787.042757417103 True 2008 24607
538374385665449985 161435 3260 49.51993865030675 True 2009 5161
517053056211357696 724159 1393 519.8557071069633 True 2008 3185
562090534945431552 UNK UNK UNK UNK UNK UNK
407192126032986112 14002664 7037 1989.8627255932927 True 2009 98160
523655026485366784 87279 1261 69.2141157811261 True 2008 776
445495350171013120 602 591 1.0186125211505923 False 2014 6
524294016435634178 2845 39 72.94871794871794 True 2014 68
527286846347567104 57435080 120 478625.6666666667 True 2007 186622
514109888138842113 1656570 2287 724.3419326628772 True 2009 8020
567765185407234049 2196192 729 3012.6090534979426 True 2008 10937
514100169307348992 9527859 560 17014.03392857143 True 2007 88122
524757333608394752 15411538 528 29188.51893939394 True 2009 60423
407209892013821952 702 558 1.2580645161290323 False 2011 36
427690961280696320 11494541 5669 2027.6135120832598 True 2008 84673
436160836524965891 47330731 1106 42794.512658227846 True 2007 145471
348204426659508226 UNK UNK UNK UNK UNK UNK
407177474788057088 UNK UNK UNK UNK UNK UNK
407206094747209728 2430 3073 0.7907582167263261 False 2009 81
524935246647926784 17630627 907 19438.3980154355 True 2007 116975
551128385850601472 3720636 2451 1518.0073439412486 True 2009 17154
524950264303075328 235448 8274 28.456369349770366 False 2011 3924
519178213441167360 2256 47 48.0 False 2012 105
407262869152358400 11494541 5669 2027.6135120832598 True 2008 84673
525039784503541760 232986 484 481.37603305785126 True 2009 2444
501827465032237056 UNK UNK UNK UNK UNK UNK
525291306000846848 3193951 1146 2787.042757417103 True 2008 24607
514420223873941504 1915121 369 5190.029810298103 True 2009 6922
407181813174788096 11494541 5669 2027.6135120832598 True 2008 84673
525009850104037376 299680 163 1838.5276073619632 True 2009 2576
514451906211893248 238263 11 21660.272727272728 True 2011 2648
525301290218553344 235448 8274 28.456369349770366 False 2011 3924
525077806401994754 9527859 560 17014.03392857143 True 2007 88122
525134787778850818 15411539 528 29188.520833333332 True 2009 60423
528822281972498432 93616 63560 1.4728760226557582 False 2011 999
545271117355958272 2650086 169 15680.98224852071 True 2011 37580
519530210795216896 2693017 15032 179.15227514635444 True 2008 32553
537006518118273025 3193950 1146 2787.0418848167537 True 2008 24607
427831952826449920 1538863 887 1734.9075535512966 False 2011 15730
507918114567499776 57435086 120 478625.7166666667 True 2007 186622
510918747188514816 18953412 269 70458.78066914498 True 2007 67252
568075025418317826 18953412 269 70458.78066914498 True 2007 67252
525033697045925888 2908552 1171 2483.818958155423 True 2007 15238
536558567206420480 3193950 1146 2787.0418848167537 True 2008 24607
525005886272843776 232986 484 481.37603305785126 True 2009 2444
514098833253748736 1007516 474 2125.5611814345993 True 2007 11183
524699123971534848 11776271 115615 101.85763957963933 True 2007 35705
407217865973329920 44441 476 93.36344537815125 False 2011 390
504387128013246465 7507907 1823 4118.434997257268 True 2008 44743
407179055763836928 7638215 1749 4367.18982275586 True 2009 33566
538408710084001793 666717 3740 178.26657754010697 True 2008 3538
517487705978966016 2436084 2105 1157.2845605700713 True 2010 11850
524928878075457536 2908552 1171 2483.818958155423 True 2007 15238
519131101798100992 2693017 15032 179.15227514635444 True 2008 32553
567596847330373632 UNK UNK UNK UNK UNK UNK
407192027714322432 UNK UNK UNK UNK UNK UNK
515717938025078784 4825 851 5.669800235017626 False 2012 156
509466295344304129 2419926 273 8864.197802197803 True 2008 51182
510906049549705216 UNK UNK UNK UNK UNK UNK
507263441359613953 18953412 269 70458.78066914498 True 2007 67252
407290084593913856 25011 175 142.92 False 2012 61
565999191982616577 139607 3262 42.79797670141018 True 2009 5010
524685073979678721 15411538 528 29188.51893939394 True 2009 60423
407191144880439298 UNK UNK UNK UNK UNK UNK
552615631246622721 205172 732 280.2896174863388 True 2008 6217
525116411887513602 15411537 528 29188.517045454544 True 2009 60423
519078654635409410 17630628 907 19438.399117971334 True 2007 116975
500278294055768064 15536783 1657 9376.453228726614 True 2007 96030
532231906364911616 6646519 5967 1113.8795039383274 True 2008 25720
407234399093022720 UNK UNK UNK UNK UNK UNK
295152287901417472 767609 1256 611.1536624203821 False 2009 12151
407163869673443328 427231 554 771.1750902527076 True 2009 7852
536540403109879809 UNK UNK UNK UNK UNK UNK
407174474207731712 UNK UNK UNK UNK UNK UNK
525029684095221760 235448 8274 28.456369349770366 False 2011 3924
407156621450571777 UNK UNK UNK UNK UNK UNK
525024518713397249 1097 785 1.397452229299363 False 2009 53
524962676665888769 18953412 269 70458.78066914498 True 2007 67252
407167928313081856 1656570 2287 724.3419326628772 True 2009 8020
562387516964491265 60576 85 712.6588235294117 True 2008 2069
516729950091493376 413174 202 2045.4158415841584 True 2009 1485
407184707118309376 11776271 115615 101.85763957963933 True 2007 35705
554722567224049664 3076630 627 4906.905901116427 True 2009 23034
517051126466625536 UNK UNK UNK UNK UNK UNK
504131150429061121 UNK UNK UNK UNK UNK UNK
524958128392376320 17630629 907 19438.400220507167 True 2007 116975
534205316620382208 235448 8274 28.456369349770366 False 2011 3924
524935769614331904 18953414 269 70458.78810408922 True 2007 67252
407188779255222273 6646518 5967 1113.8793363499246 True 2008 25720
407248574099894272 11776272 115615 101.85764822903603 True 2007 35705
536991428694376448 241630 1201 201.19067443796837 True 2010 2378
407169885345943552 2025 2590 0.7818532818532818 False 2010 14
524961721744900097 1285102 409 3142.0586797066017 True 2009 9029
407198255793987584 UNK UNK UNK UNK UNK UNK
407158558158254081 5127952 5772 888.4185724185725 True 2009 11617
552498516225179650 6584058 2907 2264.8978328173375 True 2007 23939
551097831851687938 2439301 258966 9.419387101009399 True 2008 18991
514106939173634048 18953414 269 70458.78810408922 True 2007 67252
436146437530075136 124100 35503 3.4954792552742022 False 2009 652
514098803347951616 235448 8274 28.456369349770366 False 2011 3924
524970097711267841 7173 476 15.069327731092438 True 2012 102
510921017972514817 38467 3622 10.620375483158476 True 2008 1474
566999951449001984 38800 24422 1.5887314716239456 False 2013 564
523581212175392768 286357 1254 228.3548644338118 True 2008 6749
504304227246538752 4071834 628 6483.8121019108285 True 2008 34766
532203605236154368 37742 289 130.59515570934255 False 2009 400
529747368087126019 UNK UNK UNK UNK UNK UNK
532276370953752576 7507912 1823 4118.437739989029 True 2008 44743
524941504796962816 2908553 1171 2483.8198121263877 True 2007 15238
531648145613398016 618896 2039 303.52918097106425 True 2009 1468
407223928084766721 3224471 2759 1168.710039869518 True 2008 22615
427944719612915712 15536783 1657 9376.453228726614 True 2007 96030
532197572698320896 5409978 908 5958.125550660793 True 2008 22141
551159366876147714 14002667 7037 1989.8631519113258 True 2009 98160
524977992683237376 232986 484 481.37603305785126 True 2009 2444
427725166127226881 7339890 129 56898.37209302326 True 2009 7235
524961908903149568 9527859 560 17014.03392857143 True 2007 88122
514039286845698048 1656570 2287 724.3419326628772 True 2009 8020
407173794583695360 72004 3842 18.74128058302967 True 2009 1673
514142113601437696 47330743 1106 42794.523508137434 True 2007 145472
407205235682050048 UNK UNK UNK UNK UNK UNK
504267796424163328 47330757 1106 42794.53616636528 True 2007 145472
407182466613792768 506510 861 588.2810685249709 True 2008 4616
510916725953417218 11494541 5669 2027.6135120832598 True 2008 84673
524951893467234304 2908553 1171 2483.8198121263877 True 2007 15238
407232661107642368 5127952 5772 888.4185724185725 True 2009 11617
407237676350185475 27916 191 146.15706806282722 False 2009 44
523888836456108032 724159 1393 519.8557071069633 True 2008 3185
551123464640536576 15411541 528 29188.52462121212 True 2009 60423
407211258304552960 2169699 1175 1846.5523404255318 True 2009 11968
524958992330522624 859554 71 12106.394366197183 True 2008 7702
551106793959862272 4071834 628 6483.8121019108285 True 2008 34766
508002575858561024 21778000 1114 19549.371633752246 True 2007 123556
407189015582887936 UNK UNK UNK UNK UNK UNK
525300042207612928 2522323 2310 1091.9147186147186 True 2008 13996
518866406512025602 57435087 120 478625.725 True 2007 186622
554958414905094144 3076630 627 4906.905901116427 True 2009 23034
514106273852174337 7507912 1823 4118.437739989029 True 2008 44743
524930671220105216 299680 163 1838.5276073619632 True 2009 2576
536105045545472000 8491 5258 1.6148725751236213 True 2011 240
523939598691741696 UNK UNK UNK UNK UNK UNK
528495998537334785 114263 446 256.195067264574 True 2014 1902
524949828711620608 18953413 269 70458.7843866171 True 2007 67252
407213757048160256 788 1710 0.4608187134502924 False 2011 1
509463916586762241 17630629 907 19438.400220507167 True 2007 116975
531129816389779456 21741 2525 8.61029702970297 True 2009 813
407218583135997953 569 438 1.2990867579908676 False 2009 4
407169212428206080 UNK UNK UNK UNK UNK UNK
552457656666185728 181270 945 191.82010582010582 True 2013 2031
427780584979836929 8697078 1084 8023.134686346863 True 2009 63162
551120768164462592 7638215 1749 4367.18982275586 True 2009 33566
514148279601606656 9787557 2753 3555.233200145296 True 2007 126059
515519742355185664 8991 3888 2.3125 False 2009 163
563117355254161408 25272589 2648 9544.02907854985 True 2009 50235
519311120914722816 27905 404 69.07178217821782 True 2010 813
407258075502899200 UNK UNK UNK UNK UNK UNK
529434230938284032 7507914 1823 4118.438837081733 True 2008 44743
407279190913069056 1656570 2287 724.3419326628772 True 2009 8020
524929106987991040 214542 268 800.5298507462686 True 2009 2904
519275971758026752 46267242 904 51180.57743362832 True 2007 206477
518870005677826050 17630629 907 19438.400220507167 True 2007 116975
499683602452717569 6183 5133 1.2045587375803624 False 2008 173
407170443443859456 30313 33343 0.9091263533575263 False 2012 52
407229989902225408 365271 238238 1.5332188819583779 False 2012 528
524291188422356993 1490477 15561 95.78285457232826 True 2009 12965
407236151167025152 60340 44740 1.348681269557443 False 2012 23
519348106836860929 2693018 15032 179.15234167110165 True 2008 32553
407164247768977409 1025675 552 1858.106884057971 False 2012 485
527295015643394048 8530198 656 13003.350609756097 True 2007 20598
524946179390701568 2908554 1171 2483.820666097353 True 2007 15238
552568163431247873 15411539 528 29188.520833333332 True 2009 60423
524967711492014080 235448 8274 28.456369349770366 False 2011 3924
407269894938718208 46396 7526 6.164762157852777 False 2009 71
574062768896212992 15411539 528 29188.520833333332 True 2009 60423
524976980799000578 235448 8274 28.456369349770366 False 2011 3924
555003887753494528 18953415 269 70458.79182156133 True 2007 67252
552661209204260864 15411546 528 29188.534090909092 True 2009 60423
528357165677817856 286357 1254 228.3548644338118 True 2008 6749
509463933564891137 UNK UNK UNK UNK UNK UNK
407170170533064705 803 62 12.951612903225806 False 2012 0
538346377794031618 UNK UNK UNK UNK UNK UNK
407192370040803329 6783224 1200 5652.6866666666665 True 2009 19418
524987184836005889 232986 484 481.37603305785126 True 2009 2444
525043936331857923 299680 163 1838.5276073619632 True 2009 2576
517850508380618752 2436084 2105 1157.2845605700713 True 2010 11850
504131654810877952 57435092 120 478625.76666666666 True 2007 186622
427666815842414592 18953414 269 70458.78810408922 True 2007 67252
552706985087361025 6584058 2907 2264.8978328173375 True 2007 23939
513779458340569088 6584058 2907 2264.8978328173375 True 2007 23939
532276693931945984 6316159 339 18631.737463126843 True 2008 38774
528237933661544448 15536786 1657 9376.45503922752 True 2007 96030
407167258452971520 331340 710 466.67605633802816 True 2009 2175
574004164570841088 15411542 528 29188.526515151516 True 2009 60423
407209131351629824 330327 1729 191.0508964719491 True 2009 4060
524925033626738688 66432 811 81.91368680641183 True 2009 1056
407231740764508161 UNK UNK UNK UNK UNK UNK
407205009676587009 449763 286179 1.5716142693908357 True 2009 6141
531085761521528834 6584058 2907 2264.8978328173375 True 2007 23939
524948703850029056 235448 8274 28.456369349770366 False 2011 3924
510931521306243072 18953416 269 70458.79553903345 True 2007 67252
551103664124100608 4071834 628 6483.8121019108285 True 2008 34766
524593547807178753 805111 771 1044.242542153048 True 2007 4426
407290871856369664 874159 681397 1.2828923520355975 False 2012 523
524950507023245313 121365 748 162.25267379679144 True 2008 2374
524947149134774272 232986 484 481.37603305785126 True 2009 2444
523026678419714048 5963624 3901 1528.7423737503204 True 2008 21578
504244627680272384 UNK UNK UNK UNK UNK UNK
436157398269849602 117743 434 271.2972350230415 True 2009 848
562313802369073153 15411546 528 29188.534090909092 True 2009 60423
516321020815228929 1325848 114 11630.245614035088 True 2012 9595
551575491430211584 18953418 269 70458.8029739777 True 2007 67252
525411618231169025 UNK UNK UNK UNK UNK UNK
535474881090322432 14002667 7037 1989.8631519113258 True 2009 98160
336873759271157760 766474 1017 753.661750245821 True 2011 5245
519112613800972288 17630629 907 19438.400220507167 True 2007 116975
510908595144519680 1187650 4243 279.9080839028989 True 2008 6466
525408908484280321 2522323 2310 1091.9147186147186 True 2008 13996
536827853669941248 3193950 1146 2787.0418848167537 True 2008 24607
407275991610818560 UNK UNK UNK UNK UNK UNK
536826622725218304 114263 446 256.195067264574 True 2014 1902
524991067675189250 2908555 1171 2483.8215200683176 True 2007 15238
527308173112139776 482884 454 1063.6211453744493 True 2007 4364
525024181218725888 232986 484 481.37603305785126 True 2009 2444
536738726693847041 UNK UNK UNK UNK UNK UNK
524929796862918656 1915122 369 5190.032520325203 True 2009 6922
524979548195024898 1525 3531 0.43188898329085246 True 2009 46
504109775358287872 1090 3820 0.28534031413612565 False 2013 21
536871550184869888 114263 446 256.195067264574 True 2014 1902
407231591191035904 5908 889 6.645669291338582 False 2012 98
407197113286545409 14278 1 14278.0 False 2011 535
407209222850756608 512 262 1.9541984732824427 False 2013 6
407253198395555840 2650088 169 15680.994082840236 True 2011 37580
524923341359300608 1285102 409 3142.0586797066017 True 2009 9029
536504515843727361 181270 945 191.82010582010582 True 2013 2031
407244865018155008 1094 1008 1.0853174603174602 False 2011 3
524988712367955970 14002667 7037 1989.8631519113258 True 2009 98160
562093717201616896 4049053 635 6376.461417322835 True 2007 15578
407254590363426816 3738323 65722 56.88084659626913 True 2009 14810
524928119955013632 1285102 409 3142.0586797066017 True 2009 9029
407161635439013888 1300 114 11.403508771929825 False 2013 3
562256876763901953 15946577 5294 3012.1981488477522 True 2009 59072
551135925862805504 18953419 269 70458.80669144982 True 2007 67252
527138218505175040 484073 101 4792.80198019802 True 2012 4263
407169699559247872 4408115 2535 1738.9013806706114 True 2008 20409
407198615137181696 27655 23765 1.1636860929938986 False 2012 81
523943647449198592 2055721 2360 871.068220338983 True 2008 23370
515538937058971648 249075 3588 69.41889632107024 True 2012 3757
509464457836511232 2480662 863 2874.463499420626 True 2010 2086
510922415468449792 478407 6745 70.92765011119347 True 2007 1679
407262953533353984 821679 226 3635.7477876106195 True 2008 20653
535579674152148992 60540 81 747.4074074074074 True 2008 659
527947775905103872 7401779 972 7614.998971193416 True 2009 24519
522321383716818944 7509646 513 14638.686159844054 True 2008 52542
537913349338435584 59088 604 97.82781456953643 False 2010 1028
532275383430041600 5409977 908 5958.124449339207 True 2008 22141
514201362729828352 57435102 120 478625.85 True 2007 186622
524312881823637504 6282122 428 14677.855140186915 True 2009 17704
525040836757958657 2908555 1171 2483.8215200683176 True 2007 15238
427689948398231552 14002667 7037 1989.8631519113258 True 2009 98160
407191058108256257 3407 4664 0.7304888507718696 False 2012 4
514057033419849728 1656570 2287 724.3419326628772 True 2009 8020
407187197427593217 344651 72708 4.740207404962315 False 2010 1285
524976963862429697 47330775 1106 42794.55244122966 True 2007 145472
514478918636535808 7507916 1823 4118.439934174437 True 2008 44743
534461459938304001 1409 43 32.76744186046512 False 2014 0
496698590153416704 UNK UNK UNK UNK UNK UNK
523535962962280448 985 252 3.9087301587301586 False 2009 45
489970164469751808 8792 5415 1.6236380424746075 True 2009 207
538847758032310272 6514 714 9.123249299719888 True 2009 363
538729383662338049 1034034 969 1067.1145510835913 True 2009 8655
538930446814703616 141983 634 223.9479495268139 True 2009 1861
524211911668543488 583977 718 813.3384401114206 True 2007 11939
553103772852191233 2744 808 3.396039603960396 False 2009 114
504433135036407808 790630 211 3747.0616113744077 False 2011 3396
528976109518721024 1485688 139 10688.402877697841 True 2009 20100
549599086073368576 82467 3875 21.281806451612905 True 2009 1744
540643709465812992 UNK UNK UNK UNK UNK UNK
552677176873455616 25489 18226 1.398496653132887 False 2009 500
482880640560271361 766474 1017 753.661750245821 True 2011 5245
568905632998412288 1133071 971 1166.9114315139032 True 2011 4358
356297080169447425 1321 1521 0.8685075608152532 False 2012 2
506784541696991232 7507919 1823 4118.441579813494 True 2008 44743
386682163862986752 419413 2431 172.52694364459072 True 2008 10554
265953285247209472 12654565 5128 2467.7388845553824 True 2009 11738
524320261667950592 2521788 850 2966.809411764706 True 2009 12441
357300409292959744 506 503 1.0059642147117296 False 2009 18
489798752438583297 UNK UNK UNK UNK UNK UNK
557885928417816576 10502 668 15.721556886227544 True 2012 255
489872500462190593 206286 2362 87.33530906011855 True 2008 6505
514546272972574721 11494544 5669 2027.6140412771213 True 2008 84673
524152657783820288 480450 2745 175.02732240437157 True 2010 573
356310469390245888 28277 18364 1.5398061424526246 False 2009 167
524289058290159616 2862900 748 3827.4064171122996 True 2008 18548
530017051025604609 UNK UNK UNK UNK UNK UNK
387006553124896768 807617 5742 140.65081853012887 True 2009 7814
490141776984825856 47330782 1106 42794.55877034358 True 2007 145472
570405783306944514 11776273 115615 101.85765687843273 True 2007 35705
528240834660298753 UNK UNK UNK UNK UNK UNK
553271856786968576 25489 18226 1.398496653132887 False 2009 500
497073936077959169 5409978 908 5958.125550660793 True 2008 22141
376982539132366848 UNK UNK UNK UNK UNK UNK
489818014364086273 832386 40 20809.65 True 2009 11178
521663202183348224 861813 332 2595.8222891566265 True 2008 6475
490136764619948032 9787556 2753 3555.2328369051943 True 2007 126059
560187970389819392 UNK UNK UNK UNK UNK UNK
520132836594970625 241630 1201 201.19067443796837 True 2010 2378
356437941641416705 11637 6734 1.7280962280962282 False 2009 18
560442390805090307 146572 2 73286.0 True 2008 3102
559863517151784960 1846863 4198 439.9387803716055 True 2010 3659
356268980211687424 4276 2383 1.7943768359211079 False 2010 66
295944137948151809 UNK UNK UNK UNK UNK UNK
377002232257855488 2527709 1 2527709.0 False 2007 8238
554688527435563008 615731 2531 243.27578032398262 True 2008 3316
524227209976745984 UNK UNK UNK UNK UNK UNK
516856061182345216 1087397 70 15534.242857142857 True 2009 3639
524206851450486785 772524 236 3273.406779661017 True 2008 12784
504500863944376321 UNK UNK UNK UNK UNK UNK
543586319168196608 7507920 1823 4118.442128359847 True 2008 44743
532284428542681088 3193951 1146 2787.042757417103 True 2008 24607
534445263528947712 21778005 1114 19549.376122082584 True 2007 123556
514072132301910016 761574 1214 627.326194398682 True 2007 11433
520630231531802624 4154987 6333 656.085109742618 True 2008 18096
553115236992290816 3193951 1146 2787.042757417103 True 2008 24607
568589712644026368 46988 1056 44.496212121212125 False 2009 1021
532199717594497024 530473 992 534.7510080645161 True 2009 4297
509114008587100160 11776274 115615 101.85766552782944 True 2007 35705
537355288295518210 3703 1357 2.7288135593220337 False 2008 104
436074888638763008 11962 9481 1.2616812572513447 False 2012 83
470025166760980483 243519 201085 1.211025188353184 False 2009 3234
514495841600811009 17029936 495 34403.91111111111 True 2008 104240
514429381737852929 898249 125 7185.992 True 2008 18816
553190393370923008 2337 1642 1.42326431181486 False 2014 204
553264892799488000 UNK UNK UNK UNK UNK UNK
524191650420367360 6966 374 18.62566844919786 False 2010 297
501774251901198336 11470 2836 4.044428772919605 False 2014 236
514081464171102208 2196195 729 3012.61316872428 True 2008 10937
539254751343681536 6906 5831 1.1843594580689418 False 2010 281
522553662996901888 UNK UNK UNK UNK UNK UNK
513437031020916738 1230 220 5.590909090909091 False 2014 8
490080544949276672 17630636 907 19438.407938257995 True 2007 116975
387220814531395584 7507920 1823 4118.442128359847 True 2008 44743
450341615979069440 5963628 3901 1528.7433991284286 True 2008 21578
534392174876839936 3193951 1146 2787.042757417103 True 2008 24607
91728807081426944 UNK UNK UNK UNK UNK UNK
489836441120145408 12664702 15 844313.4666666667 True 2009 12732
553115168084074497 181270 945 191.82010582010582 True 2013 2031
532206910796468224 2920681 282 10357.024822695035 True 2009 33106
369506008172740608 6858 1414 4.8500707213578504 True 2011 138
358591089462099968 11429381 10 1142938.1 True 2008 72861
539813330983354368 13572 3116 4.355584082156611 False 2011 492
519868410599993344 UNK UNK UNK UNK UNK UNK
552112474913136641 2847381 715 3982.351048951049 True 2008 8541
80084555733803009 9787556 2753 3555.2328369051943 True 2007 126059
514150992552931328 66572 1 66572.0 False 2013 605
550038665653542913 2019057 11102 181.86425869212755 True 2009 18149
489794369487380480 UNK UNK UNK UNK UNK UNK
534337548680978432 3193951 1146 2787.042757417103 True 2008 24607
534364937939062784 3193951 1146 2787.042757417103 True 2008 24607
489812926828924928 47330797 1106 42794.57233273056 True 2007 145472
518981379963777025 15411548 528 29188.53787878788 True 2009 60423
366205297557110784 3076630 627 4906.905901116427 True 2009 23034
532246457609244672 241630 1201 201.19067443796837 True 2010 2378
514517470238240768 2893046 145 19952.041379310343 True 2007 45785
549124560793374720 3193951 1146 2787.042757417103 True 2008 24607
539658034382123008 18701 2907 6.433092535259718 False 2008 767
505611045897924608 2171 47 46.191489361702125 False 2013 51
529857740059860992 69590 34 2046.764705882353 False 2010 742
554979642210549760 14002668 7037 1989.863294017337 True 2009 98160
528389559441444864 233297 199237 1.1709521825765294 False 2014 996
387281927427727360 9246 1088 8.498161764705882 True 2011 514
538166788484509696 46109 43843 1.0516844194056063 False 2009 330
491591245152935936 47330800 1106 42794.57504520796 True 2007 145472
387353560356118528 658859 8029 82.05990783410138 True 2007 11167
273278761909239808 11429382 10 1142938.2 True 2008 72861
568580363339091968 5937 1 5937.0 False 2014 109
518620083342835712 43948 5982 7.34670678702775 True 2007 2509
520244836084228096 9787556 2753 3555.2328369051943 True 2007 126059
380140114552188928 11776274 115615 101.85766552782944 True 2007 35705
489867900296368129 9787556 2753 3555.2328369051943 True 2007 126059
505369323922522113 UNK UNK UNK UNK UNK UNK
435998882250899456 UNK UNK UNK UNK UNK UNK
521717368264093696 36830 830 44.373493975903614 True 2009 1024
521789009576476673 127772 350 365.0628571428571 True 2008 884
436089462326849536 3363 4663 0.7212095217671027 False 2012 14
357299879070023680 502478 522 962.6015325670498 True 2009 1813
387050178932654080 58838 30353 1.9384574836095279 False 2008 680
489794696013967360 UNK UNK UNK UNK UNK UNK
501474962935648256 77718133 47 1653577.2978723405 True 2009 119767
506118402466152449 UNK UNK UNK UNK UNK UNK
489798219283857408 209052 2192 95.37043795620438 True 2011 3589
538129041539092480 1034034 969 1067.1145510835913 True 2009 8655
570341828479725570 9983 2387 4.182237117720988 False 2010 167
532851585408593920 4102 346 11.855491329479769 True 2009 69
532208816692416512 6584060 2907 2264.8985208118334 True 2007 23939
525711899359318016 112745 430 262.19767441860466 False 2012 42
501760566160289794 6698 4421 1.5150418457362587 True 2010 184
539833716852273152 UNK UNK UNK UNK UNK UNK
495583434954514432 23071 81 284.82716049382714 False 2014 965
504652021601800193 32729 773 42.340232858990944 True 2009 540
524168442841010176 3193951 1146 2787.042757417103 True 2008 24607
547803254516490240 616930 580 1063.6724137931035 True 2007 12844
387237225286479872 17976 10060 1.7868787276341949 False 2013 685
553016500492439552 868232 128013 6.782373665174631 True 2012 6114
569908998717243392 UNK UNK UNK UNK UNK UNK
387233034350514176 12001 601 19.96838602329451 False 2011 296
568571403756294144 UNK UNK UNK UNK UNK UNK
537377960471166976 1034034 969 1067.1145510835913 True 2009 8655
428366153149194240 UNK UNK UNK UNK UNK UNK
519867098945044480 2196196 729 3012.614540466392 True 2008 10937
520338188213444608 17630638 907 19438.410143329656 True 2007 116975
489816746405007360 983439 895 1098.8145251396647 True 2013 11737
513922322915282945 152528 75624 2.0169258436475195 True 2009 923
514468018970034176 6584060 2907 2264.8985208118334 True 2007 23939
387010299536355328 1652181 657 2514.735159817352 True 2011 5225
538975342011363328 296682 1179 251.6386768447837 True 2009 4091
509077805296914432 9061 7522 1.2045998404679608 False 2011 274
489865454312099840 540862 4279 126.39915868193503 True 2008 3597
387021726007042051 91069 444 205.11036036036037 False 2009 1538
387007120689737729 15473 1378 11.228592162554426 True 2009 757
544457299667202048 1804173 866 2083.34064665127 True 2009 14254
519929168864497664 20559 752 27.33909574468085 False 2012 288
551117430345711616 190090 1665 114.16816816816817 True 2014 2638
563123548857053184 UNK UNK UNK UNK UNK UNK
504771233557147648 UNK UNK UNK UNK UNK UNK
372914976102834176 1538862 887 1734.9064261555807 False 2011 15730
501774615837163521 1538863 887 1734.9075535512966 False 2011 15730
538760398003253248 UNK UNK UNK UNK UNK UNK
352075672543428608 443577 821 540.2886723507917 True 2010 6643
534763214106820608 3193951 1146 2787.042757417103 True 2008 24607
551942365901250560 475142 1531 310.34748530372303 True 2008 3369
506656271517622272 UNK UNK UNK UNK UNK UNK
544698560655400961 47330806 1106 42794.58047016275 True 2007 145472
351767344097398785 UNK UNK UNK UNK UNK UNK
521821037726797824 3247181 691 4699.248914616498 True 2007 24781
489841070818488320 3193951 1146 2787.042757417103 True 2008 24607
542600886653292545 5901807 570 10354.047368421052 True 2009 37748
547101266313089024 UNK UNK UNK UNK UNK UNK
505657661120348163 157548 1534 102.70404172099087 True 2010 306
80080680482123777 9787556 2753 3555.2328369051943 True 2007 126059
518192429153783808 81370 5831 13.954724747041674 True 2008 997
542320823915536384 46505 32898 1.4136117697124446 False 2014 391
387006700609228801 249075 3588 69.41889632107024 True 2012 3757
532319110458118144 613889 6471 94.8677175088858 True 2008 2419
377519445578895360 1070576 26966 39.7009567603649 True 2009 4327
561280944045576192 UNK UNK UNK UNK UNK UNK
523123023646175233 2319060 4528 512.1598939929329 True 2008 10436
489794593580650497 209053 2192 95.37089416058394 True 2011 3589
560163341524807680 UNK UNK UNK UNK UNK UNK
543443188934250496 46267263 904 51180.60066371682 True 2007 206477
523123779124600833 42874786 3 14291595.333333334 True 2007 139970
364383457545162754 21778008 1114 19549.37881508079 True 2007 123556
507557659206516736 515487 897 574.6789297658863 True 2009 3896
489968646014246912 805213 705 1142.14609929078 True 2008 6567
504453071041482753 746610 259 2882.6640926640925 True 2009 3425
538861627018579968 11930 9564 1.2473860309493936 False 2012 19
521727831307722753 1929987 53 36414.84905660377 False 2010 6418
524186749002473472 7393751 1931 3828.9751424132573 True 2010 19266
554655549896159233 6881 860 8.001162790697675 False 2010 161
519965814175567872 1314203 285 4611.238596491228 True 2008 12070
539052152602107904 UNK UNK UNK UNK UNK UNK
489887806018183168 420402 353 1190.9405099150142 False 2010 3605
531900034863091712 563320 523 1077.093690248566 True 2009 2284
571052823665704960 UNK UNK UNK UNK UNK UNK
523558773345255424 1120 510 2.196078431372549 False 2011 29
376874273601630208 UNK UNK UNK UNK UNK UNK
537378640653475841 1158 853 1.3575615474794842 False 2009 60
348209998565879810 138531 79708 1.7379811311286195 False 2009 2537
557621135320178688 28864 1321 21.85011355034065 True 2010 534
489829414704648192 203191 2517 80.7274533174414 True 2008 781
489796088338341888 209053 2192 95.37089416058394 True 2011 3589
535252460148113409 5409979 908 5958.1266519823785 True 2008 22141
273182568298450945 11429383 10 1142938.3 True 2008 72861
511918957255991296 229981 184861 1.2440752781819855 False 2010 1274
554343513887105024 14002667 7037 1989.8631519113258 True 2009 98160
532559937269166080 139946 629 222.48966613672496 True 2008 923
489872119158046720 1007516 474 2125.5611814345993 True 2007 11183
560414522758799361 1846864 4198 439.9390185802763 True 2010 3659
501785003144273921 100244 2767 36.22840621611854 True 2011 1867
553061846081896449 16461310 10 1646131.0 True 2008 12833
521835345059389440 499653 923 541.3358613217769 True 2009 2740
334722003057647616 12759284 49375 258.41587848101267 True 2008 54778
531607884220485632 38842 5929 6.55118907066959 True 2008 1759
531568534066057217 2268 96 23.625 False 2013 48
560474897013415936 3679581 444 8287.344594594595 True 2009 6062
524646141938647043 UNK UNK UNK UNK UNK UNK
553008832784642048 583706 1180 494.66610169491526 True 2010 4433
387309869080281088 UNK UNK UNK UNK UNK UNK
524317344730869760 UNK UNK UNK UNK UNK UNK
514483762566922240 18996 1405 13.520284697508897 False 2010 375
489974591985840128 17630639 907 19438.41124586549 True 2007 116975
507354546041925632 11776275 115615 101.85767417722614 True 2007 35705
553186555150749696 22638 2977 7.6042996305005035 True 2007 1011
540333359793451008 UNK UNK UNK UNK UNK UNK
519704006826807296 5409981 908 5958.128854625551 True 2008 22141
554886875303780352 2862902 748 3827.409090909091 True 2008 18548
366025766183514112 1538863 887 1734.9075535512966 False 2011 15730
532255606623989760 1231922 2478 497.14366424535916 True 2009 8406
489874311143260160 1007516 474 2125.5611814345993 True 2007 11183
524181699043663872 1187651 4243 279.90831958519914 True 2008 6466
380055172896272384 17773 144 123.42361111111111 False 2013 80
514550436377137152 3712819 197 18846.79695431472 True 2007 25663
572002458647412736 155629 116 1341.6293103448277 True 2011 981
436215971272212480 UNK UNK UNK UNK UNK UNK
489902412900343809 9787556 2753 3555.2328369051943 True 2007 126059
495366618818830336 106496 604 176.31788079470198 False 2010 1613
489854703321509888 3193952 1146 2787.043630017452 True 2008 24607
523555724807262208 UNK UNK UNK UNK UNK UNK
491200302365040640 10375008 370 28040.56216216216 True 2007 41726
519921456730607616 5409981 908 5958.128854625551 True 2008 22141
509031495101874176 6584060 2907 2264.8985208118334 True 2007 23939
559787890402541568 UNK UNK UNK UNK UNK UNK
436157173161144321 27008 4047 6.673585371880406 False 2012 11
543319210659971073 17029943 495 34403.92525252525 True 2008 104240
356407105953071107 61365 1087 56.453541858325664 True 2008 480
364589696573124609 1538863 887 1734.9075535512966 False 2011 15730
519935535083565056 49796 255 195.27843137254902 True 2010 377
504441156575297536 572182 1368 418.26169590643275 True 2009 2910
532284831783460864 1635609 11633 140.60079085360613 True 2008 19095
514067907475959808 235448 8274 28.456369349770366 False 2011 3924
553099685888790528 241630 1201 201.19067443796837 True 2010 2378
568452856224747520 UNK UNK UNK UNK UNK UNK
547509900130021377 28864 1321 21.85011355034065 True 2010 534
372901260183494656 1538864 887 1734.9086809470125 False 2011 15730
519375764165509121 3076629 627 4906.904306220095 True 2009 23034
509152237503778816 6584060 2907 2264.8985208118334 True 2007 23939
387236601450864641 17978 10059 1.7872551943533155 False 2013 685
365056836476481537 3076629 627 4906.904306220095 True 2009 23034
542423103834296323 5901806 570 10354.045614035087 True 2009 37748
524176293450223616 16463 449 36.665924276169264 True 2011 204
526459255147491328 3586460 6924 517.9751588677066 True 2008 33381
538851683141304320 UNK UNK UNK UNK UNK UNK
504830161993609216 2769 513 5.39766081871345 False 2012 96
521790189715615744 UNK UNK UNK UNK UNK UNK
436195672677953536 UNK UNK UNK UNK UNK UNK
521496155310796800 272200 5313 51.232825145868624 False 2012 1858
523566838958284801 UNK UNK UNK UNK UNK UNK
489798752358916096 209053 2192 95.37089416058394 True 2011 3589
535315394127728641 5409982 908 5958.129955947136 True 2008 22141
519447199164665856 46267268 904 51180.60619469026 True 2007 206477
538724882461097986 1034034 969 1067.1145510835913 True 2009 8655
538412662858588160 1538864 887 1734.9086809470125 False 2011 15730
523562674487975937 UNK UNK UNK UNK UNK UNK
504478567062056962 4642 521 8.90978886756238 True 2010 243
548672230134382592 UNK UNK UNK UNK UNK UNK
507454543169617920 11494547 5669 2027.6145704709825 True 2008 84673
387009577763360768 2188864 17792 123.0251798561151 True 2008 15583
532007252677656576 96893 974 99.47946611909651 True 2008 1546
370855596050108416 14002667 7037 1989.8631519113258 True 2009 98160
326137285450018817 UNK UNK UNK UNK UNK UNK
524881688825167872 1944556 9298 209.13701871370188 True 2009 10520
534278078105944064 3193953 1146 2787.044502617801 True 2008 24607
554597409351671808 UNK UNK UNK UNK UNK UNK
501781217411215360 108996 3558 30.634064080944352 False 2012 2068
519962130859429888 77718207 47 1653578.8723404256 True 2009 119767
518830518792892416 14002667 7037 1989.8631519113258 True 2009 98160
386998038004113409 14560 773 18.835705045278136 True 2013 633
491241885399539712 3193953 1146 2787.044502617801 True 2008 24607
318263294098030593 249334 16 15583.375 False 2013 1209
553169307824177152 3193953 1146 2787.044502617801 True 2008 24607
544567299102244864 300210 5939 50.548913958578886 True 2008 2505
553579224402235393 10375009 370 28040.564864864864 True 2007 41726
763738618573623297 UNK UNK UNK UNK UNK UNK
763524712853102596 108030 97684 1.105912943777896 False 2010 403
537976883150077952 3076629 627 4906.904306220095 True 2009 23034
724661834419048448 1133 370 3.062162162162162 False 2012 44
715515982584881152 1139685 715 1593.9650349650349 True 2009 8698
531300385248800768 2055723 2360 871.0690677966102 True 2008 23370
640118021101604864 2920694 282 10357.070921985816 True 2009 33106
751856580874960897 3817 1183 3.2265426880811496 False 2010 72
516475930097643520 75228 963 78.11838006230529 False 2011 856
503714147138166784 17506 301 58.159468438538205 False 2008 262
500298752469770240 74894 69257 1.0813924946214823 False 2010 1503
510507736287961088 2055723 2360 871.0690677966102 True 2008 23370
547525843749470208 11776279 115615 101.85770877481296 True 2007 35705
516390549012480001 79145 913 86.6867469879518 True 2009 1232
714998347111669760 11815178 1460 8092.587671232876 True 2010 22463
716416753409081344 51943 24479 2.121941255770252 False 2009 1926
521922785254580225 402087 7 57441.0 True 2012 2233
728038172270198787 294001 1036 283.78474903474904 False 2012 1263
539799806039052288 499653 923 541.3358613217769 True 2009 2740
730516765525082112 254175 67 3793.6567164179105 True 2008 5051
747443219487678464 241700 31886 7.5801292103117355 True 2011 3236
723511860516016128 545899 14344 38.05765476854434 True 2009 6356
500294803402137600 7507955 1823 4118.461327482172 True 2008 44743
707405809181917184 3726547 265 14062.441509433962 True 2007 27691
538010064591028224 5271 15 351.4 False 2013 91
653285570383335424 215194 4908 43.84555827220864 True 2014 258
732971411157880832 UNK UNK UNK UNK UNK UNK
763896522790440960 UNK UNK UNK UNK UNK UNK
730939370765754368 UNK UNK UNK UNK UNK UNK
580325090367315968 619216 591 1047.7428087986464 True 2010 5237
778530869208190976 11758 5125 2.294243902439024 False 2016 151
755523157700648960 121605 1272 95.60141509433963 False 2015 104
716448280201269248 9023 4255 2.120564042303173 False 2015 92
640182854928961536 3193850 1145 2789.3886462882097 True 2008 24607
500319801344929795 545899 14344 38.05765476854434 True 2009 6356
532928419051622400 42874954 3 14291651.333333334 True 2007 139970
544287209730236416 92773 1459 63.58670322138451 True 2013 560
553538058440941568 14002691 7037 1989.866562455592 True 2009 98160
500284699546517505 121405 4959 24.48175035289373 True 2011 2008
778681502825451520 382435 769 497.3146944083225 True 2010 5318
521788572933062657 UNK UNK UNK UNK UNK UNK
521772674155286528 66938 58371 1.1467680868924637 False 2009 670
516682897864916992 898253 125 7186.024 True 2008 18816
516386101766782976 UNK UNK UNK UNK UNK UNK
553550301886955520 21778071 1114 19549.435368043087 True 2007 123557
652982112870662144 11494553 5669 2027.6156288587053 True 2008 84674
742012307694223361 241700 31886 7.5801292103117355 True 2011 3236
544328894812549121 3076634 627 4906.912280701755 True 2009 23034
663744139666804736 117466 80988 1.4504124067763124 True 2013 1685
715253497462145024 1007516 474 2125.5611814345993 True 2007 11183
531525016794697729 14002691 7037 1989.866562455592 True 2009 98160
500378522788315137 17630704 907 19438.482910694598 True 2007 116975
740748123581087745 28757 7228 3.9785556170448255 True 2009 1083
576829262927413248 31143 17378 1.7920934514903901 False 2009 608
500280422295937024 781232 6720 116.2547619047619 True 2009 5838
499366666300846081 420402 353 1190.9405099150142 False 2010 3604
722885778448121857 254175 67 3793.6567164179105 True 2008 5051
732004388181434368 1014281 155 6543.748387096774 True 2009 10150
716451800581279744 UNK UNK UNK UNK UNK UNK
552816020403269632 5173 1988 2.602112676056338 False 2010 162
656361703664451585 19360 1666 11.62064825930372 True 2011 365
778572032531427332 209926 3943 53.240172457519655 True 2008 5506
556541489388724224 4975781 19406 256.40425641554157 True 2008 8854
676586804242309121 1635607 11633 140.60061892890914 True 2008 19095
701175292937707520 UNK UNK UNK UNK UNK UNK
522453569702989824 446478 383334 1.1647231917857535 False 2012 2622
516394449065496577 934464 283 3301.9929328621906 True 2014 16710
527131140721623040 UNK UNK UNK UNK UNK UNK
544333764814323713 UNK UNK UNK UNK UNK UNK
500327106824245249 192752 1587 121.4568367989918 True 2009 3120
500363126294863876 UNK UNK UNK UNK UNK UNK
522684367647559681 3193956 1146 2787.047120418848 True 2008 24607
727982226290442240 1016615 2774 366.4798125450613 True 2009 5485
655432919595548672 65787 1697 38.766647024160285 False 2014 216
715255507506892800 1007516 474 2125.5611814345993 True 2007 11183
525327108520673281 2862914 748 3827.4251336898396 True 2008 18548
728101712762834944 139 153 0.9084967320261438 False 2013 0
727116900983934976 126927 14584 8.703167855183763 True 2008 2314
549964632883232768 1656569 2287 724.3414954088325 True 2009 8020
723772395211862016 4067003 977 4162.7461617195495 True 2008 15036
525285199530455040 1187656 4243 279.90949799670045 True 2008 6466
516705572373397504 1056979 373 2833.7238605898124 True 2010 5126
705092738224525312 235449 8274 28.456490210297318 False 2011 3924
728273551883534336 252661 18 14036.722222222223 False 2013 154
553467311261503488 16488 1035 15.930434782608696 False 2009 664
500279160795721728 25554 24423 1.0463088072718338 False 2009 400
524924619812511746 1285148 409 3142.1711491442543 True 2009 9029
553575232867672064 14002691 7037 1989.866562455592 True 2009 98160
755475529294352385 13191 8710 1.5144661308840413 False 2015 146
521882110789824512 UNK UNK UNK UNK UNK UNK
758825535480864769 UNK UNK UNK UNK UNK UNK
727966590084485120 11494554 5669 2027.615805256659 True 2008 84674
716461257025581056 56768 1970 28.816243654822333 False 2015 482
707321278135463936 217930 2323 93.81403357727078 True 2008 5298
524993533212897281 928175 330 2812.651515151515 True 2010 4785
766808183696351233 UNK UNK UNK UNK UNK UNK
714598641827246081 223677 981 228.0091743119266 True 2009 2201
724320681517670400 18953510 269 70459.14498141264 True 2007 67253
523545090099523584 4813 1403 3.430506058446187 True 2011 138
760120409429643266 2235781 97 23049.288659793816 True 2009 3138
500347114975944705 UNK UNK UNK UNK UNK UNK
526757033186697216 210159 535 392.82056074766354 False 2010 4000
538193964479045633 478407 6745 70.92765011119347 True 2007 1679
531493734358061056 UNK UNK UNK UNK UNK UNK
580320684305416192 58023 2435 23.828747433264887 True 2009 1786
716424773216022530 UNK UNK UNK UNK UNK UNK
553461741917863936 27771972 71 391154.5352112676 True 2007 120658
499456140044824576 7363 2107 3.4945420028476506 True 2008 410
712223438698627073 905780 3052 296.7824377457405 True 2009 15635
516435293235183617 28800 4120 6.990291262135922 True 2009 1290
531606992788287489 18953510 269 70459.14498141264 True 2007 67253
550284252672450560 11776278 115615 101.85770012541626 True 2007 35705
707420972173955072 1635607 11633 140.60061892890914 True 2008 19095
499612545909415938 663933 93 7139.064516129032 True 2010 3305
726086935903494144 668378 2779 240.51025548758545 True 2012 3972
723365789378584578 1734914 509 3408.475442043222 True 2009 4219
516414874348298240 13370 1047 12.76981852913085 True 2011 435
500290456845299714 32465 214 151.70560747663552 False 2013 447
501934077612941312 411217 1347 305.2835931700074 True 2009 5396
727588444000526336 UNK UNK UNK UNK UNK UNK
651044059222556674 104758 981 106.78695208970439 True 2010 1301
500280838710247424 UNK UNK UNK UNK UNK UNK
780436430732525569 28107 826 34.02784503631961 True 2008 489
755447443009916929 721003 687 1049.4949053857351 True 2007 7346
553228463998783488 147271 763 193.01572739187418 True 2010 1666
516345893139001346 58704 1732 33.89376443418014 True 2007 876
553501357156876290 42874959 3 14291653.0 True 2007 139970
756282236375277568 1797115 661 2718.7821482602117 True 2008 32532
531530591427391488 17029992 495 34404.024242424246 True 2008 104240
500371149713178625 192752 1587 121.4568367989918 True 2009 3120
714755546285477888 225463 915 246.40765027322405 True 2011 1256
727623131494387714 43063 27881 1.5445285319751803 False 2015 49
726190016435728385 1325857 114 11630.32456140351 True 2012 9593
544514570367168512 18953511 269 70459.14869888476 True 2007 67253
553474188259102720 7507958 1823 4118.462973121229 True 2008 44743
707308274270539777 UNK UNK UNK UNK UNK UNK
550279538278543360 3738327 65722 56.880907458689634 True 2009 14810
500394061887709184 237524 1760 134.9568181818182 True 2008 3422
714503380476026880 10960 165 66.42424242424242 False 2009 256
707305999971921920 323123 201621 1.602625718551143 False 2013 1082
707300612862566400 641897 9584 66.97589732888147 True 2009 7533
524970851675176960 UNK UNK UNK UNK UNK UNK
535148463609356288 1635607 11633 140.60061892890914 True 2008 19095
544306719686656000 52257 251 208.19521912350598 True 2008 1979
714560810266132480 1814794 199 9119.56783919598 True 2008 16588
723644048867774464 4067003 977 4162.7461617195495 True 2008 15036
500258409988763649 4071850 628 6483.837579617834 True 2008 34766
552848620375261184 1797115 661 2718.7821482602117 True 2008 32532
498280126254428160 290172 950 305.44421052631577 True 2009 3969
531733274968989696 27771975 71 391154.57746478874 True 2007 120658
717081129627553792 UNK UNK UNK UNK UNK UNK
576319832800555008 156510 533 293.63977485928706 True 2011 3114
748640007934590976 47331077 1106 42794.82549728752 True 2007 145472
550175324634619904 555007 9218 60.20904751573009 True 2008 2671
714851393861881857 23633 534 44.256554307116104 False 2015 159
778949749156245504 UNK UNK UNK UNK UNK UNK
550131732805328896 1325281 2587 512.284885968303 True 2008 3958
500288349924782080 UNK UNK UNK UNK UNK UNK
707412869860696064 3726547 265 14062.441509433962 True 2007 27691
531531382611513344 235449 8274 28.456490210297318 False 2011 3924
701539698452393986 46267391 904 51180.74225663717 True 2007 206477
549920761423863808 1352750 4778 283.12055253244034 True 2012 13067
748558349139058688 101575 7029 14.450846493100014 False 2011 620
553549686129561600 3076634 627 4906.912280701755 True 2009 23034
658938136299511808 2862914 748 3827.4251336898396 True 2008 18548
765735409984806912 121393 6463 18.78276342255918 True 2008 2332
651786568592658433 14729 222 66.34684684684684 True 2010 219
714555825122107392 1776 3823 0.4645566309181271 False 2009 116
723477822950395904 3076634 627 4906.912280701755 True 2009 23034
531287426858487808 39901 757 52.709379128137385 False 2010 427
745236050407194624 382435 769 497.3146944083225 True 2010 5318
774833492865593344 25669 1283 20.00701480904131 False 2015 106
511330322831507456 1480595 5792 255.62758977900552 True 2009 6601
731166399389962242 UNK UNK UNK UNK UNK UNK
714811995573325828 UNK UNK UNK UNK UNK UNK
743126914794037248 29715 5 5943.0 False 2013 39
658755852199927808 382435 769 497.3146944083225 True 2010 5318
522815405451407360 739654 11087 66.7136285740056 True 2011 2085
531498841158082562 381493 1813 210.4208494208494 True 2009 10488
531131094276382720 UNK UNK UNK UNK UNK UNK
745365403237376000 UNK UNK UNK UNK UNK UNK
553212962044149761 9527873 560 17014.058928571427 True 2007 88122
650975967146602496 1578621 3305 477.646293494705 True 2009 16833
547670441754914816 11776279 115615 101.85770877481296 True 2007 35705
765887221736046592 UNK UNK UNK UNK UNK UNK
728625967921401856 665260 30364 21.909498089843236 True 2007 11631
553505242554175489 10375038 370 28040.643243243245 True 2007 41726
549975297160802304 45720 2009 22.757590841214533 True 2009 747
553164985460068352 5938219 28 212079.25 True 2007 26682
742678930516123650 UNK UNK UNK UNK UNK UNK
729647367457230850 15946613 5294 3012.2049489988667 True 2009 59072
757367391202471937 1797115 661 2718.7821482602117 True 2008 32532
516313006427602944 UNK UNK UNK UNK UNK UNK
516861311725342722 9787550 2753 3555.230657464584 True 2007 126059
552810448324943872 3076634 627 4906.912280701755 True 2009 23034
556873675941896193 4975685 19402 256.45216987939386 True 2008 8855
500303431928922113 1139688 715 1593.9692307692308 True 2009 8698
549927969032916993 181271 945 191.821164021164 True 2013 2031
727172374999666688 2246091 1180 1903.4669491525424 True 2010 13213
503609826128044032 60527 60 1008.7833333333333 False 2010 1153
538137715293061120 3076634 627 4906.912280701755 True 2009 23034
728013148788154368 255838 16436 15.565709418349963 True 2007 3310
763430916236640256 12764 4644 2.748492678725237 False 2016 28
701514249269542912 46267397 904 51180.74889380531 True 2007 206477
780882510645370880 161936 2161 74.9356779268857 True 2007 2543
521777301470871553 36785 277 132.79783393501805 False 2014 398
524932056560963584 25528 9931 2.5705367032524418 True 2009 584
653432177632387072 11776279 115615 101.85770877481296 True 2007 35705
697992796565741569 1184 435 2.72183908045977 False 2010 29
516395112201736192 UNK UNK UNK UNK UNK UNK
516371936604352513 332340 837 397.06093189964156 True 2009 5878
516539137646542848 934464 283 3301.9929328621906 True 2014 16710
747275598347837440 UNK UNK UNK UNK UNK UNK
516377014790782977 7289 1099 6.632393084622384 True 2012 200
500354773133299713 2196215 729 3012.6406035665295 True 2008 10937
725983128444129280 188910 28630 6.598323436954244 False 2009 1306
499368931367608320 19178 22322 0.8591524056984141 False 2008 237
522534012544638976 2893045 145 19952.03448275862 True 2007 45785
778689027918618625 8153365 70189 116.16300274971861 True 2007 68137
766789709045518336 UNK UNK UNK UNK UNK UNK
553548567420628992 38057 2694 14.126577579806979 True 2012 859
531543620856197121 18953516 269 70459.16728624536 True 2007 67253
500327120770301952 121405 4959 24.48175035289373 True 2011 2008
553470492565602305 772525 236 3273.4110169491523 True 2008 12784
706933939953344514 23940 12795 1.8710433763188745 False 2014 414
552821069036670976 209048 2192 95.36861313868613 True 2011 3588
716439952922312704 56767 1970 28.81573604060914 False 2015 482
778299287293816832 UNK UNK UNK UNK UNK UNK
516420964834611201 82821 272 304.4889705882353 False 2012 2040
655815788675399680 31272 9 3474.6666666666665 False 2014 75
522468118082633729 4505667 1157 3894.2670700086433 True 2008 21396
499530130487017472 290172 950 305.44421052631577 True 2009 3969
703234354579898368 169688 11955 14.193893768297784 False 2012 653
727834854931435522 2138601 2061 1037.6521106259097 True 2009 5613
543436472842334209 UNK UNK UNK UNK UNK UNK
553576010898497536 17630707 907 19438.486218302096 True 2007 116976
500389488217309184 116159 758 153.24406332453825 True 2008 1974
748543642323783681 UNK UNK UNK UNK UNK UNK
538900739880665088 761573 1214 627.3253706754531 True 2007 11433
715254040289021952 209926 3943 53.240172457519655 True 2008 5506
538133250066366464 334254 315 1061.1238095238095 True 2009 1753
524972443308683264 5698 1903 2.994219653179191 True 2009 241
724348906096590849 18953516 269 70459.16728624536 True 2007 67253
741995157969592321 UNK UNK UNK UNK UNK UNK
760109079133990912 2235782 97 23049.298969072166 True 2009 3138
517034091028676608 4131483 242 17072.243801652894 True 2007 35515
553544252563935234 18953516 269 70459.16728624536 True 2007 67253
760928376668454912 237652 864 275.06018518518516 True 2009 1722
547514662695469057 100442 353 284.5382436260623 True 2013 322
728207861050970112 426176 52 8195.692307692309 False 2011 3113
651809229842608128 6048 4665 1.2964630225080387 False 2009 161
500319675797209088 10126 1457 6.949897048730268 False 2007 236
500281094239817728 UNK UNK UNK UNK UNK UNK
707332312724283392 429493 16798 25.568103345636384 True 2011 2764
503610065769598976 182984 157515 1.1616925372186775 False 2011 809
524940659778920448 1835944 586 3133.0102389078497 True 2007 14506
546028163134808064 1197509 780 1535.2679487179487 True 2010 5419
500377145349521411 1181712 2031 581.837518463811 True 2008 10698
553503184174710784 3076634 627 4906.912280701755 True 2009 23034
524981436252950528 40208 13482 2.9823468328141227 True 2008 994
500332933098385408 330 195 1.6923076923076923 False 2011 20
521769631519092736 47322 45173 1.0475726650875523 False 2009 669
521770744855134208 UNK UNK UNK UNK UNK UNK
516423807394131968 296683 1179 251.6395250212044 True 2009 4091
550003619303788545 5127948 5772 888.4178794178794 True 2009 11617
650254360727973889 52739 1738 30.34464902186421 False 2009 789
537484793882361856 633384 2013 314.6467958271237 True 2008 2555
500377906305327104 15150 597 25.376884422110553 False 2009 397
716457799392342018 11075 12196 0.9080846179075106 False 2015 128
576513463738109954 2522330 2310 1091.917748917749 True 2008 13996
500363740311982081 232796 17596 13.230052284610139 True 2009 3388
516425769560866817 44250 2017 21.938522558254835 True 2008 1764
553184482241814530 101792 1980 51.41010101010101 True 2009 2056
724624672604610562 7314 2271 3.2206076618229855 False 2010 76
521444489697583104 12682 388 32.68556701030928 False 2011 42
516434071631974400 UNK UNK UNK UNK UNK UNK
524926472432410625 169628 898 188.89532293986636 True 2009 1324
549998575330275330 6584061 2907 2264.8988648090817 True 2007 23939
544939287222165506 235449 8274 28.456490210297318 False 2011 3924
524927281048080385 UNK UNK UNK UNK UNK UNK
500341884678836224 185495 137560 1.348466123873219 False 2010 3131
752875379765968897 16676 17253 0.9665565408914392 False 2007 800
544510450101415936 42874974 3 14291658.0 True 2007 139970
726442550266044416 241698 31886 7.580066486859437 True 2011 3236
500279189405433858 122676 7927 15.475715907657374 False 2010 442
522782267215982592 2319062 4528 512.160335689046 True 2008 10436
544512910538838016 18953519 269 70459.17843866171 True 2007 67253
535484342785830912 153555 6600 23.26590909090909 True 2011 1742
743058135300988932 UNK UNK UNK UNK UNK UNK
648993731169939456 2196215 729 3012.6406035665295 True 2008 10937
553518472798683136 14002689 7037 1989.8662782435697 True 2009 98160
651486105628463105 13839 99 139.78787878787878 True 2011 65
533767270091087872 381494 1813 210.42140099282958 True 2009 10488
706665777332621314 1067496 123193 8.665232602501765 True 2008 14699
517038566061658114 7401796 972 7615.01646090535 True 2009 24519
749286768554438658 47331093 1106 42794.839963833634 True 2007 145472
764368020391223296 12764 4644 2.748492678725237 False 2016 28
707310135291416576 231442 582 397.6666666666667 True 2008 2788
500308076004929537 32465 214 151.70560747663552 False 2013 447
