764158239089029120 12952542 229 56561.318777292574 True 2009 61526
693821069879160832 35284782 319 110610.60188087774 True 2007 60862
766307327922335745 42875301 3 14291767.0 True 2007 139972
691656866972209152 11429323 10 1142932.3 True 2008 72862
693729678306189313 42875301 3 14291767.0 True 2007 139972
692840850141753347 578206 650 889.5476923076923 True 2007 7341
692440373449396224 57435437 120 478628.64166666666 True 2007 186624
693822949456007169 46267377 904 51180.726769911504 True 2007 206479
692709993573789701 35284782 319 110610.60188087774 True 2007 60862
687674548712505346 11776281 115615 101.85772607360637 True 2007 35702
687956181646753792 578206 650 889.5476923076923 True 2007 7341
766299560415223808 42875302 3 14291767.333333334 True 2007 139972
644321231618076673 565588 13 43506.769230769234 True 2010 8553
693136527816331264 47331671 1106 42795.362567811935 True 2007 145474
683731779342188545 583975 718 813.3356545961003 True 2007 11939
693631772639145984 11776281 115615 101.85772607360637 True 2007 35702
691600834707247104 4296188 8022 535.550735477437 True 2007 19612
692357775859564544 11429323 10 1142932.3 True 2008 72862
692364468442021889 15840551 31412 504.28342671590474 True 2007 31545
689236842454106113 12952542 229 56561.318777292574 True 2009 61526
661184793342775296 725538 936 775.1474358974359 True 2010 5454
633397936563560449 1587868 2736 580.3611111111111 True 2007 25913
763404633217835009 2169701 1175 1846.5540425531915 True 2009 11966
761675705956655109 2169701 1175 1846.5540425531915 True 2009 11966
690954487322796032 12952542 229 56561.318777292574 True 2009 61526
621025025806577664 191110 222 860.8558558558559 True 2008 4568
693605375803813889 11776281 115615 101.85772607360637 True 2007 35702
693284114724700160 21778199 1114 19549.55026929982 True 2007 123559
692946556396244992 35284782 319 110610.60188087774 True 2007 60862
693240976970752004 15840551 31412 504.28342671590474 True 2007 31545
691889802724118532 57435442 120 478628.68333333335 True 2007 186624
693492159635443714 11494514 5669 2027.6087493385078 True 2008 84674
692735354240114688 6316165 339 18631.755162241887 True 2008 38771
687786822475366401 11776281 115615 101.85772607360637 True 2007 35702
767154835993063425 57435435 120 478628.625 True 2007 186624
692581635594694658 35284782 319 110610.60188087774 True 2007 60862
692765809425408000 10424081 387 26935.609819121448 True 2007 91969
693594331735683072 12952542 229 56561.318777292574 True 2009 61526
693185488644149248 21778200 1114 19549.551166965888 True 2007 123559
766638613320859648 42875307 3 14291769.0 True 2007 139972
692745861978263552 15840551 31412 504.28342671590474 True 2007 31545
678277910537588737 1092068 3921 278.51772507013516 True 2007 9145
692376812022792196 4296188 8022 535.550735477437 True 2007 19612
690670464440504320 12952542 229 56561.318777292574 True 2009 61526
693239731031683072 35284782 319 110610.60188087774 True 2007 60862
693795905049329664 46267379 904 51180.72898230088 True 2007 206479
692099058811453440 42875307 3 14291769.0 True 2007 139972
693408117225299968 27772142 71 391156.92957746476 True 2007 120659
692082337333534720 12952542 229 56561.318777292574 True 2009 61526
688281442162352128 42875307 3 14291769.0 True 2007 139972
687945926774800385 42875307 3 14291769.0 True 2007 139972
766316494695305218 583975 718 813.3356545961003 True 2007 11939
693554007785234432 47331689 1106 42795.37884267631 True 2007 145474
682548344690970624 UNK UNK UNK UNK UNK UNK
693122701569974273 12952542 229 56561.318777292574 True 2009 61526
693824042164436992 9787492 2753 3555.209589538685 True 2007 126059
693162950358622208 15840551 31412 504.28342671590474 True 2007 31545
693830499047989248 18953670 269 70459.73977695167 True 2007 67255
690985215691354112 3247373 691 4699.526772793053 True 2007 24781
690676539323740161 42875308 3 14291769.333333334 True 2007 139972
687911282922631168 42875308 3 14291769.333333334 True 2007 139972
693670046497935361 46267379 904 51180.72898230088 True 2007 206479
687673284436082689 11776282 115615 101.85773472300308 True 2007 35702
693125234317086720 15840551 31412 504.28342671590474 True 2007 31545
689650617464311813 2349713 4191 560.656883798616 True 2007 44660
693629498177253376 11776281 115615 101.85772607360637 True 2007 35702
693344498953383936 57435443 120 478628.69166666665 True 2007 186624
693618217667928068 11776281 115615 101.85772607360637 True 2007 35702
651858133304782848 873822 1301 671.6541122213682 True 2009 20438
693662456393134080 15536981 1657 9376.57272178636 True 2007 96032
766989078294306816 11429323 10 1142932.3 True 2008 72862
692463948076093440 15840551 31412 504.28342671590474 True 2007 31545
686493272806576128 772527 236 3273.419491525424 True 2008 12784
687630364936957952 144239 653 220.8866768759571 True 2008 7232
761355585724055553 12952542 229 56561.318777292574 True 2009 61526
692927739066740741 11429323 10 1142932.3 True 2008 72862
767355933919997952 57435444 120 478628.7 True 2007 186624
692105324111761408 57435440 120 478628.6666666667 True 2007 186624
693214543615561729 47331674 1106 42795.365280289334 True 2007 145474
692134721195786240 15840551 31412 504.28342671590474 True 2007 31545
693465666259656705 42875309 3 14291769.666666666 True 2007 139972
688763099298529280 233248 2232 104.50179211469533 True 2007 12794
683158807959089152 1111223 2358 471.2565733672604 True 2007 14462
693537938425171968 46267382 904 51180.732300884956 True 2007 206479
688110059553861634 12952542 229 56561.318777292574 True 2009 61526
764473554431725568 12952542 229 56561.318777292574 True 2009 61526
693806234026188801 3154945 1254 2515.9051036682617 True 2007 33217
690296550803636224 12952542 229 56561.318777292574 True 2009 61526
692405195796529152 42875309 3 14291769.666666666 True 2007 139972
692688891174739968 4296188 8022 535.550735477437 True 2007 19612
692046121250586624 3840509 724 5304.57044198895 True 2008 30008
693549273468764160 46267379 904 51180.72898230088 True 2007 206478
693355140284334081 47331682 1106 42795.37251356239 True 2007 145475
687617735833026560 578206 650 889.5476923076923 True 2007 7341
693098795022725120 35284785 319 110610.61128526645 True 2007 60862
693916809125351425 11429323 10 1142932.3 True 2008 72862
643807909856415744 191110 222 860.8558558558559 True 2008 4568
692290126282649601 4028204 3 1342734.6666666667 True 2009 21354
691206970074738688 3154945 1254 2515.9051036682617 True 2007 33217
690145844318834689 3644636 166 21955.63855421687 True 2009 34491
692098463262216192 15840551 31412 504.28342671590474 True 2007 31545
692818857187213313 27772146 71 391156.9859154929 True 2007 120659
692812029611089920 4071894 628 6483.907643312102 True 2008 34766
764505291853627392 578206 650 889.5476923076923 True 2007 7341
765631087867367426 12952542 229 56561.318777292574 True 2009 61526
692842124841123842 11429324 10 1142932.4 True 2008 72862
690137637810761728 42875313 3 14291771.0 True 2007 139972
692528931459694592 57435443 120 478628.69166666665 True 2007 186624
693925198630821889 35284782 319 110610.60188087774 True 2007 60862
665498651742085124 UNK UNK UNK UNK UNK UNK
767355611277168642 35284785 319 110610.61128526645 True 2007 60862
761027420849745920 144239 653 220.8866768759571 True 2008 7232
692566765822435328 35284783 319 110610.60501567398 True 2007 60862
692451275930234880 12952542 229 56561.318777292574 True 2009 61526
692537942439501824 57435443 120 478628.69166666665 True 2007 186624
693853982293254144 18953671 269 70459.74349442379 True 2007 67255
689719109785907200 42875313 3 14291771.0 True 2007 139972
691986377584549888 57435445 120 478628.7083333333 True 2007 186624
693118410444636161 47331692 1106 42795.381555153705 True 2007 145474
767462297270968321 35284785 319 110610.61128526645 True 2007 60862
692854695262445568 578206 650 889.5476923076923 True 2007 7341
767223774072676354 57435444 120 478628.7 True 2007 186624
689798164287741953 42875315 3 14291771.666666666 True 2007 139972
767360696761905153 15840551 31412 504.28342671590474 True 2007 31545
691351064868732928 11429325 10 1142932.5 True 2008 72862
690252631822864384 12952542 229 56561.318777292574 True 2009 61526
693032076543655936 27772144 71 391156.95774647885 True 2007 120659
691632933170450435 11429324 10 1142932.4 True 2008 72862
692792765852286977 11429324 10 1142932.4 True 2008 72862
693116426824093696 5569158 217 25664.322580645163 True 2008 51530
692727606718824448 35284785 319 110610.61128526645 True 2007 60862
766299795833102336 57435443 120 478628.69166666665 True 2007 186624
693533469922693120 15840551 31412 504.28342671590474 True 2007 31545
690174644071047168 2349713 4191 560.656883798616 True 2007 44660
692453106622275585 15840551 31412 504.28342671590474 True 2007 31545
767668607803359234 24647180 125 197177.44 True 2007 115821
692748204064927745 6316166 339 18631.758112094394 True 2008 38771
692190570140340229 42875315 3 14291771.666666666 True 2007 139972
692745208421679104 35284785 319 110610.61128526645 True 2007 60862
693217698482933760 3247376 691 4699.531114327062 True 2007 24781
688751183645782016 12952542 229 56561.318777292574 True 2009 61526
688520025754304512 12952542 229 56561.318777292574 True 2009 61526
693560600471863296 35284785 319 110610.61128526645 True 2007 60862
693785810311778304 17029997 495 34404.034343434345 True 2008 104235
693629063932596224 9787492 2753 3555.209589538685 True 2007 126059
692142338890661888 9527895 560 17014.098214285714 True 2007 88122
693673606279229440 46267385 904 51180.73561946903 True 2007 206478
692332739824095234 42875315 3 14291771.666666666 True 2007 139972
692336523090509824 57435443 120 478628.69166666665 True 2007 186624
767737100347191297 18953673 269 70459.75092936803 True 2007 67255
693079616072880128 15840551 31412 504.28342671590474 True 2007 31545
767218194385866752 35284783 319 110610.60501567398 True 2007 60862
693487871806689280 35284787 319 110610.61755485894 True 2007 60862
693873151659249669 12952542 229 56561.318777292574 True 2009 61526
690567125128351744 12952542 229 56561.318777292574 True 2009 61526
693711272014155776 24647180 125 197177.44 True 2007 115821
689853056440221696 3644636 166 21955.63855421687 True 2009 34491
692506143147606016 4071895 628 6483.90923566879 True 2008 34766
689549346875031552 4028204 3 1342734.6666666667 True 2009 21354
767823175480647681 4151964 1505 2758.780066445183 True 2007 41085
693926742814281729 17029998 495 34404.03636363636 True 2008 104235
693452449173086210 11429324 10 1142932.4 True 2008 72862
764653644138450945 12952542 229 56561.318777292574 True 2009 61526
693686290408181760 5569158 217 25664.322580645163 True 2008 51530
685473149291479040 4314978 232 18599.043103448275 True 2009 18984
693722259740069889 4028204 3 1342734.6666666667 True 2009 21354
693866093123915776 15411674 528 29188.776515151516 True 2009 60424
686527768327274497 653413 4 163353.25 True 2008 14865
688441130271289350 233248 2232 104.50179211469533 True 2007 12794
693554344298467328 46267385 904 51180.73561946903 True 2007 206478
693411834808946688 11494517 5669 2027.609278532369 True 2008 84674
687631811560763392 42875320 3 14291773.333333334 True 2007 139972
691027026552229888 583975 718 813.3356545961003 True 2007 11939
616686132387028992 653413 4 163353.25 True 2008 14865
691700082601758720 4151965 1505 2758.78073089701 True 2007 41085
689103487880310785 42875320 3 14291773.333333334 True 2007 139972
692047663211085825 578206 650 889.5476923076923 True 2007 7341
692217618778972161 57435445 120 478628.7083333333 True 2007 186624
767710245779103744 57435445 120 478628.7083333333 True 2007 186624
665317131597291520 UNK UNK UNK UNK UNK UNK
692423131726749697 3586476 6924 517.9774696707105 True 2008 33381
692391757775028228 15840552 31412 504.2834585508723 True 2007 31545
689694470779097088 42875321 3 14291773.666666666 True 2007 139972
692031514943582208 42875321 3 14291773.666666666 True 2007 139972
693107789007339521 12952542 229 56561.318777292574 True 2009 61526
692113839387709444 11429324 10 1142932.4 True 2008 72862
690431187916099584 42875322 3 14291774.0 True 2007 139972
676970570160988160 2863448 98601 29.040760235697405 True 2007 31353
767715524222578688 11429324 10 1142932.4 True 2008 72862
693459931022913536 6316167 339 18631.7610619469 True 2008 38771
689208632148365314 42875322 3 14291774.0 True 2007 139972
693485676881403905 47331699 1106 42795.38788426763 True 2007 145475
693204483501887488 2169701 1175 1846.5540425531915 True 2009 11966
693139276708585472 11429324 10 1142932.4 True 2008 72862
691380138710306816 11429324 10 1142932.4 True 2008 72862
688461902821855232 42875322 3 14291774.0 True 2007 139972
689922870689009664 2169701 1175 1846.5540425531915 True 2009 11966
692382471061663744 3586476 6924 517.9774696707105 True 2008 33381
692780496590254081 35284787 319 110610.61755485894 True 2007 60862
691564354567798784 42875322 3 14291774.0 True 2007 139972
692734579141185536 2893044 145 19952.027586206896 True 2007 45785
693476901772513280 27772145 71 391156.9718309859 True 2007 120659
765141361033109504 42875322 3 14291774.0 True 2007 139972
677950378785271808 144239 653 220.8866768759571 True 2008 7232
692113799546048513 15840552 31412 504.2834585508723 True 2007 31545
682629960826224646 UNK UNK UNK UNK UNK UNK
690920430287331328 1169951 1259 929.2700555996823 True 2007 29350
674713782778654721 1184727 602 1967.985049833887 True 2009 12010
693622130735484929 11494516 5669 2027.6091021344153 True 2008 84674
767845555313774593 47331705 1106 42795.393309222425 True 2007 145475
692031224227958789 42875323 3 14291774.333333334 True 2007 139972
689555819059351552 42875323 3 14291774.333333334 True 2007 139972
764753085675761664 42875323 3 14291774.333333334 True 2007 139972
693122199536934912 21778206 1114 19549.556552962298 True 2007 123559
691380348379201536 12952542 229 56561.318777292574 True 2009 61526
692491478619262976 4028205 3 1342735.0 True 2009 21354
693534177694609409 35284787 319 110610.61755485894 True 2007 60862
691006265137299456 12952542 229 56561.318777292574 True 2009 61526
759653274605740032 583975 718 813.3356545961003 True 2007 11939
692838349036326912 15840552 31412 504.2834585508723 True 2007 31545
767094580634202112 12952542 229 56561.318777292574 True 2009 61526
689529955294777344 42875324 3 14291774.666666666 True 2007 139972
693492349142433792 47331710 1106 42795.39783001808 True 2007 145475
688763993633107968 12952542 229 56561.318777292574 True 2009 61526
692510002586714113 12952542 229 56561.318777292574 True 2009 61526
692707593991643136 21778207 1114 19549.557450628366 True 2007 123559
766358933296517121 57435448 120 478628.73333333334 True 2007 186624
692024256520179712 4408123 2535 1738.904536489152 True 2008 20409
693236688538243074 47331711 1106 42795.398734177215 True 2007 145476
692692529779707904 42875324 3 14291774.666666666 True 2007 139972
693490132440129536 35284788 319 110610.62068965517 True 2007 60862
693121477491757056 12952542 229 56561.318777292574 True 2009 61526
692023417575448576 57435448 120 478628.73333333334 True 2007 186624
686422922894815233 4408123 2535 1738.904536489152 True 2008 20409
693056396250652672 11429324 10 1142932.4 True 2008 72862
693934062445187072 57435448 120 478628.73333333334 True 2007 186624
693087256727388161 42875324 3 14291774.666666666 True 2007 139972
687766167558164481 11776281 115615 101.85772607360637 True 2007 35702
764620072228970496 2169701 1175 1846.5540425531915 True 2009 11966
692056985513123840 57435445 120 478628.7083333333 True 2007 186624
688096910217879554 12952542 229 56561.318777292574 True 2009 61526
692736398462300162 35284788 319 110610.62068965517 True 2007 60862
691327238353129472 11429324 10 1142932.4 True 2008 72862
693573042111270912 18953673 269 70459.75092936803 True 2007 67255
692925163994796033 3586476 6924 517.9774696707105 True 2008 33381
693102420688121856 12952542 229 56561.318777292574 True 2009 61526
692287441168900097 42875325 3 14291775.0 True 2007 139972
693456387880402944 47331698 1106 42795.3869801085 True 2007 145476
692924229017309184 1797116 661 2718.7836611195157 True 2008 32532
693481256735150082 27772143 71 391156.94366197183 True 2007 120659
761381302260031489 12952542 229 56561.318777292574 True 2009 61526
692892472729415680 35284788 319 110610.62068965517 True 2007 60862
693792605755285504 17029999 495 34404.038383838386 True 2008 104235
688437279405305856 11776281 115615 101.85772607360637 True 2007 35702
691410231549530112 12952542 229 56561.318777292574 True 2009 61526
693658242044542976 17630819 907 19438.609702315327 True 2007 116978
689833530197671936 3644636 166 21955.63855421687 True 2009 34491
767528171520524288 9787492 2753 3555.209589538685 True 2007 126059
670380354822348801 1196550 462 2589.935064935065 True 2009 13794
688752484966363136 12952542 229 56561.318777292574 True 2009 61526
688147918113538049 42875326 3 14291775.333333334 True 2007 139972
692267960686284800 42875326 3 14291775.333333334 True 2007 139972
684488313512800256 1196550 462 2589.935064935065 True 2009 13794
675434959939756032 1196550 462 2589.935064935065 True 2009 13794
665302351742275584 UNK UNK UNK UNK UNK UNK
767444114229059584 35284788 319 110610.62068965517 True 2007 60862
693082547664883712 11429325 10 1142932.5 True 2008 72862
691299810553384960 12952542 229 56561.318777292574 True 2009 61526
693676692309700609 46267394 904 51180.74557522124 True 2007 206478
767068504277344260 57435451 120 478628.75833333336 True 2007 186624
693131575261659137 35284788 319 110610.62068965517 True 2007 60862
693855615618322432 11776281 115615 101.85772607360637 True 2007 35702
767330549262278658 35284788 319 110610.62068965517 True 2007 60862
689799953330368513 233248 2232 104.50179211469533 True 2007 12794
766452700049473536 57435452 120 478628.76666666666 True 2007 186624
693524179597955072 35284788 319 110610.62068965517 True 2007 60862
693718533239365633 24647184 125 197177.472 True 2007 115821
692472216135569409 57435452 120 478628.76666666666 True 2007 186624
687632433483759616 42875330 3 14291776.666666666 True 2007 139972
692374052082708480 11429325 10 1142932.5 True 2008 72862
688502260779843587 12952542 229 56561.318777292574 True 2009 61526
689722724470620161 42875330 3 14291776.666666666 True 2007 139972
692127290998784001 11429325 10 1142932.5 True 2008 72862
684878165714563072 980325 2331 420.55984555984554 True 2008 37892
693234925252775936 47331707 1106 42795.395117540684 True 2007 145476
767768054163996672 35284788 319 110610.62068965517 True 2007 60862
688757736310484994 12952542 229 56561.318777292574 True 2009 61526
692816955837804544 578206 650 889.5476923076923 True 2007 7341
678733118648524800 2284765 640 3569.9453125 True 2007 16028
693509689418588160 15840553 31412 504.2834903858398 True 2007 31545
685232704774787072 745724 13321 55.981082501313715 True 2009 13614
767520433247809536 4071894 628 6483.907643312102 True 2008 34766
692746621218656258 4028206 3 1342735.3333333333 True 2009 21354
693204708933160960 35284789 319 110610.62382445141 True 2007 60862
689214940679409664 4028206 3 1342735.3333333333 True 2009 21354
764449685897568256 745724 13321 55.981082501313715 True 2009 13614
691791477912014850 11429325 10 1142932.5 True 2008 72862
693123067204243456 47331711 1106 42795.398734177215 True 2007 145476
692063305297453060 11429325 10 1142932.5 True 2008 72862
688932211714818048 2863448 98601 29.040760235697405 True 2007 31353
510916647373516800 8697170 1084 8023.219557195572 True 2009 63163
531833153145823233 9787492 2753 3555.209589538685 True 2007 126059
407163499723624449 11494517 5669 2027.609278532369 True 2008 84674
525088864416043008 1835942 586 3133.0068259385666 True 2007 14507
523820806917603328 1068738 768 1391.5859375 True 2009 9490
528242965915779072 UNK UNK UNK UNK UNK UNK
536547921542791170 3193984 1146 2787.0715532286213 True 2008 24607
531634492528939008 7401815 972 7615.036008230452 True 2009 24519
551106923601219585 18953678 269 70459.76951672863 True 2007 67255
524944881941495809 2908624 1171 2483.880444064902 True 2007 15234
536835346932441088 82512 1179 69.98473282442748 True 2009 681
516978780171436032 UNK UNK UNK UNK UNK UNK
524263570985340928 340336 527 645.7988614800759 True 2008 6812
524930365400821761 57435451 120 478628.75833333336 True 2007 186624
524586367456919552 1635610 11633 140.60087681595462 True 2008 19094
525024066152169473 1285220 409 3142.347188264059 True 2009 9031
528562608463704064 15537000 1657 9376.584188292094 True 2007 96032
524950339074523137 1525 3532 0.431766704416761 True 2009 46
528312406498635777 15536998 1657 9376.58298129149 True 2007 96032
566089610485579776 293341 10728 27.343493661446683 True 2012 1996
536962520477470720 3193985 1146 2787.07242582897 True 2008 24607
524925600318754816 859562 71 12106.507042253521 True 2008 7699
551082055883563008 9527899 560 17014.105357142857 True 2007 88122
427924694663454720 7508046 1823 4118.5112452002195 True 2008 44743
517416417164263424 18953680 269 70459.77695167286 True 2007 67255
531659884430106624 46267407 904 51180.75995575221 True 2007 206477
407217471473451008 UNK UNK UNK UNK UNK UNK
524933380929245184 928199 330 2812.724242424242 True 2010 4785
348203818741272576 12760 310 41.16129032258065 False 2012 197
524991240270807042 1285220 409 3142.347188264059 True 2009 9031
513749585391390720 285280 280 1018.8571428571429 True 2012 1997
510916464631889920 9527898 560 17014.10357142857 True 2007 88122
507242819623587841 3567299 808 4414.9740099009905 True 2009 30416
525305690257379328 3193985 1146 2787.07242582897 True 2008 24607
536808074431184896 241626 1201 201.18734388009992 True 2010 2378
525040767317082113 14002687 7037 1989.8659940315476 True 2009 98163
509473920060104704 145174 1323 109.73091458805744 True 2009 2244
531206167302012929 618882 2039 303.5223148602256 True 2009 1468
524998384357486592 17630820 907 19438.610804851156 True 2007 116978
532297096356167680 11776280 115615 101.85771742420967 True 2007 35702
536804445678755840 3193985 1146 2787.07242582897 True 2008 24607
499679379820412928 237915 1559 152.6074406670943 True 2009 1979
518827403452637184 21778210 1114 19549.56014362657 True 2007 123559
523126268603031552 1147361 6 191226.83333333334 True 2006 11353
407159686786732032 2169701 1175 1846.5540425531915 True 2009 11966
407253554039386112 UNK UNK UNK UNK UNK UNK
514395350615203841 222520 16125 13.79968992248062 True 2013 2374
407185422523977728 504 602 0.8372093023255814 False 2009 1
427762638274437120 7508046 1823 4118.5112452002195 True 2008 44743
531676808836833280 618882 2039 303.5223148602256 True 2009 1468
407212665350942720 9787492 2753 3555.209589538685 True 2007 126059
407233172380733441 1554 74 21.0 False 2013 6
515598200796090369 5243 6360 0.8243710691823899 False 2013 9
532275347413544961 11494518 5669 2027.6094549303227 True 2008 84674
524925124303396864 1285220 409 3142.347188264059 True 2009 9031
336913656921083904 18953681 269 70459.78066914498 True 2007 67255
504243239084236800 7756 2067 3.7522980164489597 False 2008 321
538218607822770176 296685 1179 251.6412213740458 True 2009 4091
524941041301225472 7509722 513 14638.834307992203 True 2008 52542
495305620342714369 6240229 1284 4859.991433021807 True 2009 56679
520299904934371328 1366124 666 2051.2372372372374 False 2013 2693
407182194206322689 313501 30 10450.033333333333 True 2007 3555
530943279161155584 11776281 115615 101.85772607360637 True 2007 35702
509478961705807872 379444 246 1542.4552845528456 True 2008 3759
517003426832453633 550154 682 806.6774193548387 True 2010 3895
509464271118688257 9527898 560 17014.10357142857 True 2007 88122
538256153080127489 35463 671 52.85096870342772 False 2011 93
524965786059026432 235446 8274 28.456127628716462 False 2011 3924
427662266993889280 1111223 2358 471.2565733672604 True 2007 14462
531161914689482752 417618 1314 317.82191780821915 True 2008 6295
524976526891417600 57435454 120 478628.7833333333 True 2007 186624
527162170531151872 13931994 1 13931994.0 True 2009 18329
507261372313640961 14002687 7037 1989.8659940315476 True 2009 98163
528607634099015680 8629340 473 18243.84778012685 True 2008 22075
510918747188514816 18953682 269 70459.7843866171 True 2007 67255
568075025418317826 18953682 269 70459.7843866171 True 2007 67255
525033697045925888 2908627 1171 2483.8830059777965 True 2007 15234
536558567206420480 3193985 1146 2787.07242582897 True 2008 24607
525005886272843776 232987 484 481.3780991735537 True 2009 2444
514098833253748736 1007517 474 2125.5632911392404 True 2007 11183
524699123971534848 11776282 115615 101.85773472300308 True 2007 35702
407217865973329920 44441 476 93.36344537815125 False 2011 390
504387128013246465 7508823 1823 4118.937465715853 True 2008 44743
407179055763836928 7638220 1749 4367.192681532304 True 2009 33566
538408710084001793 666718 3740 178.2668449197861 True 2008 3538
517487705978966016 2436076 2105 1157.2807600950118 True 2010 11850
524928878075457536 2908624 1171 2483.880444064902 True 2007 15234
519131101798100992 2693006 15032 179.15154337413517 True 2008 32554
567596847330373632 UNK UNK UNK UNK UNK UNK
407192027714322432 UNK UNK UNK UNK UNK UNK
515717938025078784 4825 851 5.669800235017626 False 2012 156
509466295344304129 2419929 273 8864.208791208792 True 2008 51182
510906049549705216 UNK UNK UNK UNK UNK UNK
507263441359613953 18953685 269 70459.79553903345 True 2007 67255
407290084593913856 25011 175 142.92 False 2012 61
565999191982616577 139603 3262 42.79675045984059 True 2009 5010
524685073979678721 15411680 528 29188.78787878788 True 2009 60424
407191144880439298 UNK UNK UNK UNK UNK UNK
552615631246622721 205187 732 280.3101092896175 True 2008 6217
525116411887513602 15411679 528 29188.785984848484 True 2009 60424
519078654635409410 17630824 907 19438.615214994486 True 2007 116978
500278294055768064 15537004 1657 9376.5866022933 True 2007 96032
532231906364911616 6646493 5967 1113.8751466398526 True 2008 25720
407234399093022720 UNK UNK UNK UNK UNK UNK
295152287901417472 767608 1256 611.1528662420383 False 2009 12151
407163869673443328 427233 554 771.1787003610108 True 2009 7850
536540403109879809 UNK UNK UNK UNK UNK UNK
407174474207731712 UNK UNK UNK UNK UNK UNK
525029684095221760 235446 8274 28.456127628716462 False 2011 3924
407156621450571777 UNK UNK UNK UNK UNK UNK
525024518713397249 1097 785 1.397452229299363 False 2009 53
524962676665888769 18953684 269 70459.79182156133 True 2007 67255
407167928313081856 1656569 2287 724.3414954088325 True 2009 8020
562387516964491265 60577 85 712.6705882352941 True 2008 2069
516729950091493376 413171 202 2045.40099009901 True 2009 1484
407184707118309376 11776281 115615 101.85772607360637 True 2007 35702
554722567224049664 3076631 627 4906.907496012759 True 2009 23034
517051126466625536 UNK UNK UNK UNK UNK UNK
504131150429061121 UNK UNK UNK UNK UNK UNK
524958128392376320 17630824 907 19438.615214994486 True 2007 116978
534205316620382208 235446 8274 28.456127628716462 False 2011 3924
524935769614331904 18953684 269 70459.79182156133 True 2007 67255
407188779255222273 6646492 5967 1113.8749790514496 True 2008 25720
407248574099894272 11776282 115615 101.85773472300308 True 2007 35702
536991428694376448 241626 1201 201.18734388009992 True 2010 2378
407169885345943552 2025 2590 0.7818532818532818 False 2010 14
524961721744900097 1285222 409 3142.352078239609 True 2009 9031
407198255793987584 UNK UNK UNK UNK UNK UNK
407158558158254081 5127953 5772 888.4187456687457 True 2009 11617
552498516225179650 6584057 2907 2264.8974888200896 True 2007 23939
551097831851687938 2439298 258966 9.419375516477066 True 2008 18991
514106939173634048 18953686 269 70459.79925650558 True 2007 67255
436146437530075136 124100 35503 3.4954792552742022 False 2009 652
514098803347951616 235446 8274 28.456127628716462 False 2011 3924
524970097711267841 7173 476 15.069327731092438 True 2012 102
510921017972514817 38466 3622 10.620099392600773 True 2008 1474
566999951449001984 38799 24422 1.5886905249365326 False 2013 564
523581212175392768 286359 1254 228.35645933014354 True 2008 6750
504304227246538752 4071895 628 6483.90923566879 True 2008 34766
532203605236154368 37742 289 130.59515570934255 False 2009 400
529747368087126019 UNK UNK UNK UNK UNK UNK
532276370953752576 7508050 1823 4118.513439385628 True 2008 44743
524941504796962816 2908627 1171 2483.8830059777965 True 2007 15234
531648145613398016 618882 2039 303.5223148602256 True 2009 1468
407223928084766721 3224458 2759 1168.7053280173975 True 2008 22613
427944719612915712 15537007 1657 9376.588412794206 True 2007 96032
532197572698320896 5410003 908 5958.15308370044 True 2008 22141
551159366876147714 14002687 7037 1989.8659940315476 True 2009 98163
524977992683237376 232987 484 481.3780991735537 True 2009 2444
427725166127226881 7339879 129 56898.28682170543 True 2009 7235
524961908903149568 9527899 560 17014.105357142857 True 2007 88122
514039286845698048 1656569 2287 724.3414954088325 True 2009 8020
407173794583695360 72002 3842 18.74076002082249 True 2009 1673
514142113601437696 47331751 1106 42795.434900542496 True 2007 145476
407205235682050048 UNK UNK UNK UNK UNK UNK
504267796424163328 47331747 1106 42795.431283905964 True 2007 145476
407182466613792768 506508 861 588.2787456445993 True 2008 4616
510916725953417218 11494480 5669 2027.6027518080791 True 2008 84669
524951893467234304 2908627 1171 2483.8830059777965 True 2007 15234
407232661107642368 5127953 5772 888.4187456687457 True 2009 11617
407237676350185475 27916 191 146.15706806282722 False 2009 44
523888836456108032 724161 1393 519.8571428571429 True 2008 3185
551123464640536576 15411682 528 29188.791666666668 True 2009 60424
407211258304552960 2169703 1175 1846.5557446808511 True 2009 11966
524958992330522624 859564 71 12106.535211267606 True 2008 7699
551106793959862272 4071896 628 6483.910828025478 True 2008 34766
508002575858561024 21778219 1114 19549.568222621187 True 2007 123559
407189015582887936 UNK UNK UNK UNK UNK UNK
525300042207612928 2522351 2310 1091.9268398268398 True 2008 13997
518866406512025602 57435460 120 478628.8333333333 True 2007 186624
554958414905094144 3076631 627 4906.907496012759 True 2009 23034
514106273852174337 7508051 1823 4118.51398793198 True 2008 44743
524930671220105216 299689 163 1838.5828220858896 True 2009 2577
536105045545472000 8489 5256 1.6151065449010655 True 2011 240
523939598691741696 UNK UNK UNK UNK UNK UNK
528495998537334785 114264 446 256.19730941704034 True 2014 1902
524949828711620608 18953689 269 70459.81040892193 True 2007 67255
407213757048160256 788 1710 0.4608187134502924 False 2011 1
509463916586762241 17630825 907 19438.61631753032 True 2007 116978
531129816389779456 21742 2525 8.610693069306931 True 2009 813
407218583135997953 569 438 1.2990867579908676 False 2009 4
407169212428206080 UNK UNK UNK UNK UNK UNK
552457656666185728 181272 945 191.82222222222222 True 2013 2031
427780584979836929 8697174 1084 8023.223247232472 True 2009 63163
551120768164462592 7638221 1749 4367.193253287593 True 2009 33566
514148279601606656 9787492 2753 3555.209589538685 True 2007 126059
515519742355185664 8991 3888 2.3125 False 2009 163
563117355254161408 25272582 2648 9544.026435045318 True 2009 50237
519311120914722816 27905 404 69.07178217821782 True 2010 813
407258075502899200 UNK UNK UNK UNK UNK UNK
529434230938284032 7508051 1823 4118.51398793198 True 2008 44743
407279190913069056 1656569 2287 724.3414954088325 True 2009 8020
524929106987991040 214547 268 800.5485074626865 True 2009 2904
519275971758026752 46267417 904 51180.77101769912 True 2007 206477
518870005677826050 17630825 907 19438.61631753032 True 2007 116978
499683602452717569 6184 5133 1.204753555425677 False 2008 173
407170443443859456 30312 33340 0.9091781643671266 False 2012 52
407229989902225408 365268 238238 1.5332062895088105 False 2012 528
524291188422356993 1490479 15561 95.78298309877258 True 2009 12965
407236151167025152 60340 44740 1.348681269557443 False 2012 23
519348106836860929 2693006 15032 179.15154337413517 True 2008 32554
407164247768977409 1025671 552 1858.0996376811595 False 2012 485
527295015643394048 8530275 656 13003.467987804877 True 2007 20599
524946179390701568 2908628 1171 2483.8838599487617 True 2007 15234
552568163431247873 15411682 528 29188.791666666668 True 2009 60424
524967711492014080 235446 8274 28.456127628716462 False 2011 3924
407269894938718208 46397 7527 6.164075993091537 False 2009 71
574062768896212992 15411683 528 29188.79356060606 True 2009 60424
524976980799000578 235446 8274 28.456127628716462 False 2011 3924
555003887753494528 18953691 269 70459.81784386617 True 2007 67255
552661209204260864 15411684 528 29188.795454545456 True 2009 60424
528357165677817856 286359 1254 228.35645933014354 True 2008 6750
509463933564891137 UNK UNK UNK UNK UNK UNK
407170170533064705 803 62 12.951612903225806 False 2012 0
538346377794031618 UNK UNK UNK UNK UNK UNK
407192370040803329 6783237 1200 5652.6975 True 2009 19419
524987184836005889 232987 484 481.3780991735537 True 2009 2444
525043936331857923 299689 163 1838.5828220858896 True 2009 2577
517850508380618752 2436076 2105 1157.2807600950118 True 2010 11850
504131654810877952 57435464 120 478628.86666666664 True 2007 186624
427666815842414592 18953691 269 70459.81784386617 True 2007 67255
552706985087361025 6584058 2907 2264.8978328173375 True 2007 23939
513779458340569088 6584058 2907 2264.8978328173375 True 2007 23939
532276693931945984 6316169 339 18631.766961651916 True 2008 38771
528237933661544448 15537012 1657 9376.591430295715 True 2007 96032
407167258452971520 331339 710 466.67464788732394 True 2009 2175
574004164570841088 15411683 528 29188.79356060606 True 2009 60424
407209131351629824 330327 1729 191.0508964719491 True 2009 4060
524925033626738688 66435 812 81.81650246305419 True 2009 1056
407231740764508161 UNK UNK UNK UNK UNK UNK
407205009676587009 449763 286175 1.5716362365685332 True 2009 6141
531085761521528834 6584058 2907 2264.8978328173375 True 2007 23939
524948703850029056 235428 8275 28.450513595166164 False 2011 3924
510931521306243072 18953692 269 70459.82156133829 True 2007 67255
551103664124100608 4071897 628 6483.912420382166 True 2008 34766
524593547807178753 805116 771 1044.249027237354 True 2007 4427
407290871856369664 874149 681402 1.2828682627876056 False 2012 523
524950507023245313 121366 748 162.25401069518716 True 2008 2374
524947149134774272 232987 484 481.3780991735537 True 2009 2444
523026678419714048 5963694 3901 1528.7603178672136 True 2008 21577
504244627680272384 UNK UNK UNK UNK UNK UNK
436157398269849602 117744 434 271.29953917050693 True 2009 848
562313802369073153 15411682 528 29188.791666666668 True 2009 60424
516321020815228929 1325863 114 11630.377192982456 True 2012 9592
551575491430211584 18953692 269 70459.82156133829 True 2007 67255
525411618231169025 UNK UNK UNK UNK UNK UNK
535474881090322432 14002686 7037 1989.8658519255364 True 2009 98163
336873759271157760 766473 1017 753.6607669616519 True 2011 5245
519112613800972288 17630826 907 19438.61742006615 True 2007 116978
510908595144519680 1187681 4243 279.9153900542069 True 2008 6467
525408908484280321 2522352 2310 1091.9272727272728 True 2008 13997
536827853669941248 3193988 1146 2787.0750436300173 True 2008 24607
407275991610818560 UNK UNK UNK UNK UNK UNK
536826622725218304 114264 446 256.19730941704034 True 2014 1902
524991067675189250 2908628 1171 2483.8838599487617 True 2007 15234
527308173112139776 482884 454 1063.6211453744493 True 2007 4364
525024181218725888 232987 484 481.3780991735537 True 2009 2444
536738726693847041 UNK UNK UNK UNK UNK UNK
524929796862918656 1915145 369 5190.09485094851 True 2009 6922
524979548195024898 1525 3531 0.43188898329085246 True 2009 46
504109775358287872 1090 3820 0.28534031413612565 False 2013 21
536871550184869888 114264 446 256.19730941704034 True 2014 1902
407231591191035904 5908 889 6.645669291338582 False 2012 98
407197113286545409 14278 1 14278.0 False 2011 535
407209222850756608 512 262 1.9541984732824427 False 2013 6
407253198395555840 2650096 169 15681.041420118343 True 2011 37580
524923341359300608 1285225 409 3142.359413202934 True 2009 9031
536504515843727361 181272 945 191.82222222222222 True 2013 2031
407244865018155008 1094 1008 1.0853174603174602 False 2011 3
524988712367955970 14002686 7037 1989.8658519255364 True 2009 98163
562093717201616896 4049078 635 6376.500787401575 True 2007 15578
407254590363426816 3738317 65722 56.880755302638384 True 2009 14810
524928119955013632 1285225 409 3142.359413202934 True 2009 9031
407161635439013888 1300 114 11.403508771929825 False 2013 3
562256876763901953 15946607 5295 3011.634938621341 True 2009 59072
551135925862805504 18953692 269 70459.82156133829 True 2007 67255
527138218505175040 484081 101 4792.881188118812 True 2012 4263
407169699559247872 4408123 2535 1738.904536489152 True 2008 20409
407198615137181696 27655 23765 1.1636860929938986 False 2012 81
523943647449198592 2055723 2360 871.0690677966102 True 2008 23370
515538937058971648 249077 3588 69.41945373467112 True 2012 3757
509464457836511232 2480695 863 2874.501738122827 True 2010 2086
510922415468449792 478407 6745 70.92765011119347 True 2007 1679
407262953533353984 821684 226 3635.7699115044247 True 2008 20651
535579674152148992 60540 81 747.4074074074074 True 2008 659
527947775905103872 7401815 972 7615.036008230452 True 2009 24519
522321383716818944 7509726 513 14638.842105263158 True 2008 52542
537913349338435584 59089 604 97.8294701986755 False 2010 1028
532275383430041600 5410004 908 5958.1541850220265 True 2008 22141
514201362729828352 57435471 120 478628.925 True 2007 186624
524312881823637504 6282121 428 14677.852803738318 True 2009 17704
525040836757958657 2908627 1171 2483.8830059777965 True 2007 15234
427689948398231552 14002687 7037 1989.8659940315476 True 2009 98163
407191058108256257 3407 4664 0.7304888507718696 False 2012 4
514057033419849728 1656569 2287 724.3414954088325 True 2009 8020
407187197427593217 344650 72708 4.7401936513175995 False 2010 1285
524976963862429697 47331764 1106 42795.44665461121 True 2007 145476
514478918636535808 7508057 1823 4118.517279210093 True 2008 44743
560873850846846978 UNK UNK UNK UNK UNK UNK
516804849619705859 UNK UNK UNK UNK UNK UNK
528341588867416064 249077 3588 69.41945373467112 True 2012 3757
489820657291911168 7509726 513 14638.842105263158 True 2008 52542
532239131540467712 19575 20129 0.9724775199960256 False 2010 320
532281981795848192 321750 2607 123.41772151898734 True 2010 4056
539115704285270017 1037 366 2.8333333333333335 False 2014 17
560133068670140417 UNK UNK UNK UNK UNK UNK
514535408126795776 63651 3837 16.588741204065677 True 2009 3083
516636338679197697 UNK UNK UNK UNK UNK UNK
504419526998360064 593790 1053 563.903133903134 True 2008 3721
489800427152879616 15537077 1657 9376.630657815329 True 2007 96032
509084603617792001 9061 7522 1.2045998404679608 False 2011 274
568568737621630977 UNK UNK UNK UNK UNK UNK
387031585834278912 55510 1421 39.064039408866996 False 2009 1522
514508854990999553 75018 3633 20.649050371593724 True 2008 1002
489836271049928704 9787494 2753 3555.2103160188885 True 2007 126058
524178388282802176 26032 170 153.12941176470588 True 2013 284
553960736964476928 14829 2049 7.2371888726207905 False 2011 762
521098692326350848 27772233 71 391158.21126760566 True 2007 120660
547807913671405568 123787 203 609.7881773399015 False 2013 1410
387030572779847680 178984 1336 133.97005988023952 False 2009 3190
365276206381268995 17630861 907 19438.656008820286 True 2007 116978
495365942726381568 408261 2043 199.83406754772395 True 2013 2551
501768276523761666 7508085 1823 4118.532638507954 True 2008 44743
520284654755381249 9787494 2753 3555.2103160188885 True 2007 126058
561952533942661120 UNK UNK UNK UNK UNK UNK
489796998615547904 209047 2192 95.36815693430657 True 2011 3588
504448356584677377 7392 397 18.61964735516373 False 2009 431
524144369235140608 5511 3 1837.0 False 2013 284
542860306603868160 2188863 17792 123.02512365107914 True 2008 15583
552146635707666433 1062641 11679 90.98732768216456 True 2008 9913
532259028152246272 322888 4824 66.93366500829187 True 2008 1755
531565935128498176 357460 1507 237.19973457199734 True 2012 4530
547158281005719552 441897 4301 102.74285049988374 True 2008 2152
510286132568150016 UNK UNK UNK UNK UNK UNK
455525437351800832 565870 14619 38.707845953895614 True 2009 3041
365497016098369536 3076609 627 4906.872408293461 True 2009 23034
507634536176300032 2300270 2458 935.8299430431244 True 2009 4523
532106726539939841 241626 1201 201.18734388009992 True 2010 2378
535507913226190849 UNK UNK UNK UNK UNK UNK
319166636902998016 85774 12 7147.833333333333 False 2011 358
372489152903643136 287067 939 305.7156549520767 True 2010 2922
534409916560461825 7509748 513 14638.884990253411 True 2008 52542
521533372280369152 5409589 908 5957.6971365638765 True 2008 22138
534303066867367937 3193996 1146 2787.0820244328097 True 2008 24607
529088963420909569 1070553 190894 5.608101878529446 True 2009 3878
365052155385749505 3076609 627 4906.872408293461 True 2009 23034
489802446001434625 1187689 4243 279.917275512609 True 2008 6467
553098571323437056 9913 9964 0.9948815736651947 False 2013 273
514517213022543872 3781512 355 10652.14647887324 True 2009 10885
531973383198887936 2014636 737 2733.563093622795 True 2008 11041
555072815154475008 15411719 528 29188.861742424244 True 2009 60424
514555852351479808 805223 706 1140.542492917847 True 2008 6567
531108688749404160 4397 138 31.86231884057971 False 2011 45
514540926640087040 2920736 282 10357.219858156028 True 2009 33106
553040930144792576 11494527 5669 2027.6110425119068 True 2008 84674
514512849876836352 443 404 1.0965346534653466 False 2012 4
531833233143783424 181272 945 191.82222222222222 True 2013 2031
518665533089406976 3076609 627 4906.872408293461 True 2009 23034
436001434212249600 70240 5636 12.462739531582683 False 2010 1192
387041762331471872 24852 664 37.4277108433735 False 2009 379
489975398151618560 3247441 691 4699.62518089725 True 2007 24781
534543768653807618 26055 27084 0.9620070890562694 False 2011 189
515918632178577408 19575 20129 0.9724775199960256 False 2010 320
553136604882014208 2862948 748 3827.470588235294 True 2008 18548
523098334421319680 112747 430 262.20232558139537 False 2012 42
514062859987595264 263378 1835 143.53024523160764 True 2011 3290
560207034545889281 1846883 4198 439.94354454502144 True 2010 3659
504450741126582275 34643 1047 33.08787010506208 True 2011 258
513015596879867904 2446939 2879671 0.8497286669206309 False 2009 4962
489833932813516800 15537084 1657 9376.634882317441 True 2007 96032
534678919656775680 3193996 1146 2787.0820244328097 True 2008 24607
544154048950435840 1635613 11633 140.6011347030001 True 2008 19094
513437031020916738 1230 220 5.590909090909091 False 2014 8
490080544949276672 17630862 907 19438.65711135612 True 2007 116978
387220814531395584 7508087 1823 4118.5337356006585 True 2008 44743
450341615979069440 5963734 3901 1528.7705716482953 True 2008 21577
534392174876839936 3193996 1146 2787.0820244328097 True 2008 24607
91728807081426944 UNK UNK UNK UNK UNK UNK
489836441120145408 12664787 15 844319.1333333333 True 2009 12731
553115168084074497 181272 945 191.82222222222222 True 2013 2031
532206910796468224 2920736 282 10357.219858156028 True 2009 33106
369506008172740608 6858 1414 4.8500707213578504 True 2011 138
358591089462099968 11429343 10 1142934.3 True 2008 72862
539813330983354368 13572 3116 4.355584082156611 False 2011 492
519868410599993344 UNK UNK UNK UNK UNK UNK
552112474913136641 2847493 715 3982.507692307692 True 2008 8541
80084555733803009 9787494 2753 3555.2103160188885 True 2007 126058
514150992552931328 66572 1 66572.0 False 2013 605
550038665653542913 2019073 11102 181.8656998738966 True 2009 18149
489794369487380480 UNK UNK UNK UNK UNK UNK
534337548680978432 3193995 1146 2787.081151832461 True 2008 24607
534364937939062784 3193995 1146 2787.081151832461 True 2008 24607
489812926828924928 47332028 1106 42795.68535262206 True 2007 145471
518981379963777025 15411719 528 29188.861742424244 True 2009 60424
366205297557110784 3076609 627 4906.872408293461 True 2009 23034
532246457609244672 241626 1201 201.18734388009992 True 2010 2378
514517470238240768 2893044 145 19952.027586206896 True 2007 45784
549124560793374720 3193995 1146 2787.081151832461 True 2008 24607
539658034382123008 18701 2907 6.433092535259718 False 2008 767
505611045897924608 2171 47 46.191489361702125 False 2013 51
529857740059860992 69592 34 2046.8235294117646 False 2010 742
554979642210549760 14002708 7037 1989.8689782577803 True 2009 98163
528389559441444864 233286 199240 1.1708793414976912 False 2014 996
387281927427727360 9246 1088 8.498161764705882 True 2011 514
538166788484509696 46108 43845 1.0516136389554112 False 2009 330
491591245152935936 47332012 1106 42795.670886075946 True 2007 145471
387353560356118528 658852 8029 82.05903599451986 True 2007 11168
273278761909239808 11429343 10 1142934.3 True 2008 72862
568580363339091968 5937 1 5937.0 False 2014 109
518620083342835712 43948 5982 7.34670678702775 True 2007 2509
520244836084228096 9787494 2753 3555.2103160188885 True 2007 126058
380140114552188928 11776290 115615 101.85780391817671 True 2007 35702
489867900296368129 9787494 2753 3555.2103160188885 True 2007 126058
505369323922522113 UNK UNK UNK UNK UNK UNK
435998882250899456 UNK UNK UNK UNK UNK UNK
521717368264093696 36828 830 44.371084337349394 True 2009 1024
521789009576476673 127772 350 365.0628571428571 True 2008 884
436089462326849536 3363 4663 0.7212095217671027 False 2012 14
357299879070023680 502472 522 962.5900383141762 True 2009 1813
387050178932654080 58836 30352 1.9384554559831313 False 2008 680
489794696013967360 UNK UNK UNK UNK UNK UNK
501474962935648256 77721022 47 1653638.7659574468 True 2009 119771
506118402466152449 UNK UNK UNK UNK UNK UNK
489798219283857408 209047 2192 95.36815693430657 True 2011 3588
538129041539092480 1034036 969 1067.1166150670795 True 2009 8656
570341828479725570 9983 2387 4.182237117720988 False 2010 167
532851585408593920 4102 346 11.855491329479769 True 2009 69
532208816692416512 6584060 2907 2264.8985208118334 True 2007 23939
525711899359318016 112747 430 262.20232558139537 False 2012 42
501760566160289794 6698 4421 1.5150418457362587 True 2010 184
539833716852273152 UNK UNK UNK UNK UNK UNK
495583434954514432 23071 80 288.3875 False 2014 964
504652021601800193 32727 773 42.33764553686934 True 2009 540
524168442841010176 3193996 1146 2787.0820244328097 True 2008 24607
547803254516490240 616926 580 1063.6655172413793 True 2007 12844
387237225286479872 17976 10060 1.7868787276341949 False 2013 685
553016500492439552 868224 128014 6.782258190510413 True 2012 6114
569908998717243392 UNK UNK UNK UNK UNK UNK
387233034350514176 12002 601 19.970049916805323 False 2011 296
568571403756294144 UNK UNK UNK UNK UNK UNK
537377960471166976 1034036 969 1067.1166150670795 True 2009 8656
428366153149194240 UNK UNK UNK UNK UNK UNK
519867098945044480 2196274 729 3012.721536351166 True 2008 10937
520338188213444608 17630863 907 19438.65821389195 True 2007 116978
489816746405007360 983448 895 1098.8245810055867 True 2013 11738
513922322915282945 152533 75651 2.0162720915784327 True 2009 923
514468018970034176 6584059 2907 2264.8981768145854 True 2007 23939
387010299536355328 1652313 657 2514.9360730593608 True 2011 5226
538975342011363328 296675 1179 251.63273960983884 True 2009 4092
509077805296914432 9061 7522 1.2045998404679608 False 2011 274
489865454312099840 540863 4279 126.39939238139752 True 2008 3596
387021726007042051 91070 444 205.11261261261262 False 2009 1538
387007120689737729 15474 1378 11.229317851959362 True 2009 757
544457299667202048 1804183 866 2083.352193995381 True 2009 14254
519929168864497664 20559 752 27.33909574468085 False 2012 288
551117430345711616 190091 1665 114.16876876876877 True 2014 2638
563123548857053184 UNK UNK UNK UNK UNK UNK
504771233557147648 UNK UNK UNK UNK UNK UNK
372914976102834176 1538872 887 1734.9177001127396 False 2011 15730
501774615837163521 1538872 887 1734.9177001127396 False 2011 15730
538760398003253248 UNK UNK UNK UNK UNK UNK
352075672543428608 443574 821 540.2850182704019 True 2010 6643
534763214106820608 3193996 1146 2787.0820244328097 True 2008 24607
551942365901250560 475138 1531 310.3448726322665 True 2008 3370
506656271517622272 UNK UNK UNK UNK UNK UNK
544698560655400961 47332039 1106 42795.69529837251 True 2007 145471
351767344097398785 UNK UNK UNK UNK UNK UNK
521821037726797824 3247444 691 4699.629522431259 True 2007 24781
489841070818488320 3193996 1146 2787.0820244328097 True 2008 24607
542600886653292545 5901782 570 10354.00350877193 True 2009 37747
547101266313089024 UNK UNK UNK UNK UNK UNK
505657661120348163 157546 1534 102.70273794002608 True 2010 306
80080680482123777 9787495 2753 3555.2106792589902 True 2007 126058
518192429153783808 81370 5831 13.954724747041674 True 2008 997
542320823915536384 46503 32898 1.4135509757432063 False 2014 391
387006700609228801 249078 3588 69.41973244147157 True 2012 3757
532319110458118144 613888 6471 94.86756297326534 True 2008 2419
377519445578895360 1070567 26966 39.70062300674924 True 2009 4327
561280944045576192 UNK UNK UNK UNK UNK UNK
523123023646175233 2319076 4528 512.1634275618375 True 2008 10433
489794593580650497 209047 2192 95.36815693430657 True 2011 3588
560163341524807680 UNK UNK UNK UNK UNK UNK
543443188934250496 46267537 904 51180.90376106195 True 2007 206479
523123779124600833 42875499 3 14291833.0 True 2007 139974
364383457545162754 21778270 1114 19549.614003590665 True 2007 123560
507557659206516736 515488 897 574.680044593088 True 2009 3896
489968646014246912 805223 706 1140.542492917847 True 2008 6567
504453071041482753 746612 259 2882.6718146718144 True 2009 3424
538861627018579968 11930 9564 1.2473860309493936 False 2012 19
521727831307722753 1929989 53 36414.88679245283 False 2010 6418
524186749002473472 7394008 1931 3829.1082340756084 True 2010 19266
554655549896159233 6881 860 8.001162790697675 False 2010 161
519965814175567872 1314203 285 4611.238596491228 True 2008 12070
539052152602107904 UNK UNK UNK UNK UNK UNK
489887806018183168 420406 353 1190.9518413597734 False 2010 3604
531900034863091712 563318 523 1077.0898661567878 True 2009 2284
571052823665704960 UNK UNK UNK UNK UNK UNK
523558773345255424 1120 510 2.196078431372549 False 2011 29
376874273601630208 UNK UNK UNK UNK UNK UNK
537378640653475841 1158 853 1.3575615474794842 False 2009 60
348209998565879810 138532 79708 1.7379936769207607 False 2009 2537
557621135320178688 28864 1321 21.85011355034065 True 2010 533
489829414704648192 203191 2517 80.7274533174414 True 2008 781
489796088338341888 209048 2192 95.36861313868613 True 2011 3588
535252460148113409 5410009 908 5958.159691629956 True 2008 22141
273182568298450945 11429345 10 1142934.5 True 2008 72862
511918957255991296 229981 184891 1.2438734173107397 False 2010 1274
554343513887105024 14002711 7037 1989.8694045758136 True 2009 98163
532559937269166080 139948 629 222.49284578696344 True 2008 923
489872119158046720 1007516 474 2125.5611814345993 True 2007 11183
560414522758799361 1846883 4198 439.94354454502144 True 2010 3659
501785003144273921 100240 2767 36.22696060715577 True 2011 1867
553061846081896449 16461317 10 1646131.7 True 2008 12834
521835345059389440 499654 923 541.3369447453955 True 2009 2740
334722003057647616 12759326 49375 258.4167291139241 True 2008 54780
531607884220485632 38842 5929 6.55118907066959 True 2008 1759
531568534066057217 2268 96 23.625 False 2013 48
560474897013415936 3680024 444 8288.342342342343 True 2009 6063
524646141938647043 UNK UNK UNK UNK UNK UNK
553008832784642048 583705 1180 494.66525423728814 True 2010 4433
387309869080281088 UNK UNK UNK UNK UNK UNK
524317344730869760 UNK UNK UNK UNK UNK UNK
514483762566922240 18996 1405 13.520284697508897 False 2010 375
489974591985840128 17630864 907 19438.659316427784 True 2007 116978
507354546041925632 11776291 115615 101.85781256757342 True 2007 35702
553186555150749696 22638 2977 7.6042996305005035 True 2007 1011
540333359793451008 UNK UNK UNK UNK UNK UNK
519704006826807296 5410009 908 5958.159691629956 True 2008 22141
554886875303780352 2862948 748 3827.470588235294 True 2008 18548
366025766183514112 1538872 887 1734.9177001127396 False 2011 15730
532255606623989760 1231922 2478 497.14366424535916 True 2009 8407
489874311143260160 1007516 474 2125.5611814345993 True 2007 11183
524181699043663872 1187688 4243 279.91703983030874 True 2008 6467
380055172896272384 17773 144 123.42361111111111 False 2013 80
514550436377137152 3712847 197 18846.939086294416 True 2007 25664
572002458647412736 155628 116 1341.6206896551723 True 2011 981
436215971272212480 UNK UNK UNK UNK UNK UNK
489902412900343809 9787495 2753 3555.2106792589902 True 2007 126058
495366618818830336 106496 604 176.31788079470198 False 2010 1613
489854703321509888 3193998 1146 2787.083769633508 True 2008 24607
523555724807262208 UNK UNK UNK UNK UNK UNK
491200302365040640 10375282 370 28041.302702702702 True 2007 41726
519921456730607616 5410009 908 5958.159691629956 True 2008 22141
509031495101874176 6584059 2907 2264.8981768145854 True 2007 23939
559787890402541568 UNK UNK UNK UNK UNK UNK
436157173161144321 27008 4047 6.673585371880406 False 2012 11
543319210659971073 17030040 495 34404.121212121216 True 2008 104235
356407105953071107 61365 1087 56.453541858325664 True 2008 480
364589696573124609 1538871 887 1734.9165727170237 False 2011 15730
519935535083565056 49796 255 195.27843137254902 True 2010 377
504441156575297536 572182 1368 418.26169590643275 True 2009 2910
532284831783460864 1635613 11633 140.6011347030001 True 2008 19094
514067907475959808 235448 8274 28.456369349770366 False 2011 3924
553099685888790528 241626 1201 201.18734388009992 True 2010 2378
568452856224747520 UNK UNK UNK UNK UNK UNK
547509900130021377 28864 1321 21.85011355034065 True 2010 533
372901260183494656 1538871 887 1734.9165727170237 False 2011 15730
519375764165509121 3076610 627 4906.874003189792 True 2009 23034
509152237503778816 6584059 2907 2264.8981768145854 True 2007 23939
387236601450864641 17976 10060 1.7868787276341949 False 2013 685
365056836476481537 3076610 627 4906.874003189792 True 2009 23034
542423103834296323 5901781 570 10354.001754385965 True 2009 37747
524176293450223616 16463 449 36.665924276169264 True 2011 204
526459255147491328 3586486 6924 517.978913922588 True 2008 33381
538851683141304320 UNK UNK UNK UNK UNK UNK
504830161993609216 2769 513 5.39766081871345 False 2012 96
521790189715615744 UNK UNK UNK UNK UNK UNK
436195672677953536 UNK UNK UNK UNK UNK UNK
521496155310796800 272201 5313 51.233013363448144 False 2012 1858
523566838958284801 UNK UNK UNK UNK UNK UNK
489798752358916096 209048 2192 95.36861313868613 True 2011 3588
535315394127728641 5410009 908 5958.159691629956 True 2008 22141
519447199164665856 46267541 904 51180.90818584071 True 2007 206479
538724882461097986 1034036 969 1067.1166150670795 True 2009 8656
538412662858588160 1538871 887 1734.9165727170237 False 2011 15730
523562674487975937 UNK UNK UNK UNK UNK UNK
504478567062056962 4642 521 8.90978886756238 True 2010 243
548672230134382592 UNK UNK UNK UNK UNK UNK
507454543169617920 11494528 5669 2027.6112189098606 True 2008 84674
387009577763360768 2188863 17792 123.02512365107914 True 2008 15583
532007252677656576 96893 974 99.47946611909651 True 2008 1546
370855596050108416 14002712 7037 1989.8695466818247 True 2009 98163
326137285450018817 UNK UNK UNK UNK UNK UNK
524881688825167872 1944561 9298 209.13755646375566 True 2009 10519
534278078105944064 3194000 1146 2787.085514834206 True 2008 24607
554597409351671808 UNK UNK UNK UNK UNK UNK
501781217411215360 108997 3558 30.63434513771782 False 2012 2068
519962130859429888 77721062 47 1653639.6170212766 True 2009 119771
518830518792892416 14002712 7037 1989.8695466818247 True 2009 98163
386998038004113409 14561 773 18.83699870633894 True 2013 633
491241885399539712 3194000 1146 2787.085514834206 True 2008 24607
318263294098030593 249334 16 15583.375 False 2013 1209
553169307824177152 3194000 1146 2787.085514834206 True 2008 24607
544567299102244864 300205 5939 50.54807206600438 True 2008 2505
558312304753016832 3680024 444 8288.342342342343 True 2009 6063
550095745161134080 1656570 2287 724.3419326628772 True 2009 8021
544523550519218176 UNK UNK UNK UNK UNK UNK
740791134146965504 367194 17182 21.37085321848446 True 2009 2627
536915851233202176 281749 1299 216.89684372594303 True 2011 599
522443333831262208 241441 1240 194.71048387096775 True 2011 4675
752965545528528898 7476417 1719 4349.282722513089 True 2008 32002
724603564946010112 1325875 114 11630.482456140351 True 2012 9592
742050150307246080 52260 33112 1.578279777724088 False 2008 1334
744390771869102080 UNK UNK UNK UNK UNK UNK
531524882325311488 4028232 3 1342744.0 True 2009 21356
500391222075076610 10134 859 11.797438882421421 True 2011 234
652349108653551616 11494528 5669 2027.6112189098606 True 2008 84674
733242244522725376 78307 38187 2.050619320711237 False 2013 588
705093513076015104 235448 8274 28.456369349770366 False 2011 3924
547587399728267264 805118 771 1044.2516212710766 True 2007 4427
522654603675176960 2522356 2310 1091.9290043290043 True 2008 13996
533811170889568256 152533 75651 2.0162720915784327 True 2009 923
533734824905670656 7394010 1931 3829.1092698083894 True 2010 19266
727854332188577792 UNK UNK UNK UNK UNK UNK
723521076446142465 766395 1274 601.565934065934 True 2009 2075
535257207991205888 92773 1459 63.58670322138451 True 2013 560
516727880571572225 934463 283 3301.989399293286 True 2014 16706
650710483289419776 518616 2 259308.0 False 2012 2483
500413818368184321 185495 137560 1.348466123873219 False 2010 3131
503498696273965056 3328592 337 9877.12759643917 True 2009 13235
724703995147751424 4071923 628 6483.953821656051 True 2008 34766
514308277803294721 2446939 2879671 0.8497286669206309 False 2009 4962
714531423273746432 35436 3304 10.725181598062955 False 2011 869
520265722967375872 21778277 1114 19549.620287253143 True 2007 123560
517712193841037312 2013217 493 4083.604462474645 True 2012 690
715671763808493569 120062 106534 1.126982935025438 False 2009 1004
763428684850094080 UNK UNK UNK UNK UNK UNK
728631482722308096 668398 2779 240.51745232097878 True 2012 3972
757450526153900032 405127 417 971.5275779376499 True 2007 5403
742571519105077248 UNK UNK UNK UNK UNK UNK
727179214546456577 1325875 114 11630.482456140351 True 2012 9592
655812191233417216 47556 42625 1.115683284457478 False 2010 318
726043971911213057 1325875 114 11630.482456140351 True 2012 9592
516361247223058432 UNK UNK UNK UNK UNK UNK
727187859367546880 186783 57269 3.261502732717526 False 2009 447
707786906189303808 13506 6 2251.0 False 2016 23
500286058664579072 9787495 2753 3555.2106792589902 True 2007 126058
500295393301647360 UNK UNK UNK UNK UNK UNK
775672628493357057 2138646 2061 1037.6739446870452 True 2009 5614
742114513726623744 254175 67 3793.6567164179105 True 2008 5050
516358319317852160 235448 8274 28.456369349770366 False 2011 3924
522692223952228353 263378 1835 143.53024523160764 True 2011 3290
715268937873760256 11494528 5669 2027.6112189098606 True 2008 84674
757190314880884736 49818 4373 11.392179281957466 False 2012 768
711994705333112832 905782 3052 296.78309305373523 True 2009 15635
524925730053181440 1285246 409 3142.41075794621 True 2009 9031
516545908813475841 226348 175407 1.2904160039223065 False 2008 2312
524929497205055488 9527912 560 17014.128571428573 True 2007 88122
535282587325833216 25683 2238 11.475871313672922 True 2013 593
531193369465470976 UNK UNK UNK UNK UNK UNK
524937542131793920 3702 318 11.641509433962264 True 2013 58
500270780832174080 116987 317 369.0441640378549 True 2008 4144
652300118205427716 UNK UNK UNK UNK UNK UNK
500281131057811456 UNK UNK UNK UNK UNK UNK
778625026144792577 209934 3943 53.2422013695156 True 2008 5506
525032872647065600 270347 2372 113.97428330522766 True 2012 5062
500307001629745152 UNK UNK UNK UNK UNK UNK
500381163866062848 280492 657 426.92846270928464 True 2008 9338
650952376954650629 148794 3809 39.0637962719874 True 2009 1920
525008463819464704 8735 2140 4.081775700934579 True 2007 512
531526274003771392 9527913 560 17014.130357142858 True 2007 88122
516411927506206721 663560 5794 114.52537107352434 True 2009 9010
742055437932040193 UNK UNK UNK UNK UNK UNK
716092408920936448 UNK UNK UNK UNK UNK UNK
701975210044497921 39335 3430 11.46793002915452 True 2010 676
500278045597368320 3076609 627 4906.872408293461 True 2009 23034
757748522481491968 188774 82779 2.280457603981686 False 2011 1129
755548076438196225 UNK UNK UNK UNK UNK UNK
655432919595548672 65795 1697 38.771361225692395 False 2014 216
715255507506892800 1007516 474 2125.5611814345993 True 2007 11183
525327108520673281 2862948 748 3827.470588235294 True 2008 18548
728101712762834944 139 153 0.9084967320261438 False 2013 0
727116900983934976 126927 14587 8.701377939260986 True 2008 2314
549964632883232768 1656570 2287 724.3419326628772 True 2009 8021
723772395211862016 4067005 977 4162.748208802456 True 2008 15036
525285199530455040 1187688 4243 279.91703983030874 True 2008 6467
516705572373397504 1056991 373 2833.756032171582 True 2010 5126
705092738224525312 235448 8274 28.456369349770366 False 2011 3924
728273551883534336 252661 18 14036.722222222223 False 2013 154
553467311261503488 16488 1035 15.930434782608696 False 2009 664
500279160795721728 25553 24423 1.0462678622609836 False 2009 400
524924619812511746 1285246 409 3142.41075794621 True 2009 9031
553575232867672064 14002713 7037 1989.8696887878357 True 2009 98163
755475529294352385 13190 8710 1.5143513203214696 False 2015 146
521882110789824512 UNK UNK UNK UNK UNK UNK
758825535480864769 UNK UNK UNK UNK UNK UNK
727966590084485120 11494528 5669 2027.6112189098606 True 2008 84674
716461257025581056 56769 1970 28.81675126903553 False 2015 482
707321278135463936 217936 2323 93.81661644425311 True 2008 5299
524993533212897281 928213 330 2812.766666666667 True 2010 4785
766808183696351233 UNK UNK UNK UNK UNK UNK
714598641827246081 223677 981 228.0091743119266 True 2009 2201
724320681517670400 18953775 269 70460.13011152417 True 2007 67255
523545090099523584 4813 1403 3.430506058446187 True 2011 138
760120409429643266 2235888 97 23050.39175257732 True 2009 3138
500347114975944705 UNK UNK UNK UNK UNK UNK
526757033186697216 210159 535 392.82056074766354 False 2010 4000
538193964479045633 478409 6745 70.9279466271312 True 2007 1679
531493734358061056 UNK UNK UNK UNK UNK UNK
580320684305416192 58023 2435 23.828747433264887 True 2009 1786
716424773216022530 UNK UNK UNK UNK UNK UNK
553461741917863936 27772253 71 391158.4929577465 True 2007 120660
499456140044824576 7362 2107 3.4940673943996203 True 2008 410
712223438698627073 905782 3052 296.78309305373523 True 2009 15635
516435293235183617 28800 4120 6.990291262135922 True 2009 1290
531606992788287489 18953775 269 70460.13011152417 True 2007 67255
550284252672450560 11775605 115613 101.85364102652815 True 2007 35701
707420972173955072 1635613 11633 140.6011347030001 True 2008 19094
499612545909415938 663939 93 7139.129032258064 True 2010 3305
726086935903494144 668398 2779 240.51745232097878 True 2012 3972
723365789378584578 1734922 509 3408.49115913556 True 2009 4219
516414874348298240 13370 1047 12.76981852913085 True 2011 435
500290456845299714 32465 214 151.70560747663552 False 2013 447
501934077612941312 411222 1347 305.28730512249444 True 2009 5396
727588444000526336 UNK UNK UNK UNK UNK UNK
651044059222556674 104759 981 106.78797145769623 True 2010 1302
500280838710247424 UNK UNK UNK UNK UNK UNK
780436430732525569 28106 826 34.026634382566584 True 2008 489
755447443009916929 721013 687 1049.509461426492 True 2007 7346
553228463998783488 147268 763 193.01179554390563 True 2010 1666
516345893139001346 58705 1732 33.89434180138568 True 2007 876
553501357156876290 42875521 3 14291840.333333334 True 2007 139974
756282236375277568 1797116 661 2718.7836611195157 True 2008 32531
531530591427391488 17030049 495 34404.1393939394 True 2008 104235
500371149713178625 192753 1587 121.45746691871456 True 2009 3120
714755546285477888 225462 915 246.40655737704918 True 2011 1256
727623131494387714 43063 27881 1.5445285319751803 False 2015 49
726190016435728385 1325877 114 11630.5 True 2012 9592
544514570367168512 18953775 269 70460.13011152417 True 2007 67255
553474188259102720 7508094 1823 4118.537575425124 True 2008 44743
707308274270539777 UNK UNK UNK UNK UNK UNK
550279538278543360 3738321 65722 56.88081616505888 True 2009 14810
500394061887709184 237523 1760 134.95625 True 2008 3421
714503380476026880 10960 165 66.42424242424242 False 2009 256
707305999971921920 323131 201621 1.602665396957658 False 2013 1082
707300612862566400 641912 9584 66.97746243739566 True 2009 7532
524970851675176960 UNK UNK UNK UNK UNK UNK
535148463609356288 1635613 11633 140.6011347030001 True 2008 19094
544306719686656000 52256 251 208.19123505976097 True 2008 1979
714560810266132480 1814795 199 9119.572864321608 True 2008 16588
723644048867774464 4067005 977 4162.748208802456 True 2008 15036
500258409988763649 4071924 628 6483.955414012738 True 2008 34766
552848620375261184 1797116 661 2718.7836611195157 True 2008 32531
498280126254428160 290172 950 305.44421052631577 True 2009 3969
531733274968989696 27772264 71 391158.6478873239 True 2007 120660
717081129627553792 UNK UNK UNK UNK UNK UNK
576319832800555008 156505 533 293.6303939962477 True 2011 3114
748640007934590976 47332090 1106 42795.74141048825 True 2007 145471
550175324634619904 555006 9218 60.208939032328054 True 2008 2671
714851393861881857 23635 534 44.260299625468164 False 2015 159
778949749156245504 UNK UNK UNK UNK UNK UNK
550131732805328896 1325281 2587 512.284885968303 True 2008 3958
500288349924782080 UNK UNK UNK UNK UNK UNK
707412869860696064 3726611 265 14062.683018867925 True 2007 27693
531531382611513344 235448 8274 28.456369349770366 False 2011 3924
701539698452393986 46267554 904 51180.92256637168 True 2007 206479
549920761423863808 1352737 4778 283.1178317287568 True 2012 13067
748558349139058688 101575 7029 14.450846493100014 False 2011 620
553549686129561600 3076609 627 4906.872408293461 True 2009 23034
658938136299511808 2862948 748 3827.470588235294 True 2008 18548
765735409984806912 121394 6463 18.78291814946619 True 2008 2332
651786568592658433 14729 222 66.34684684684684 True 2010 219
714555825122107392 1776 3823 0.4645566309181271 False 2009 116
723477822950395904 3076609 627 4906.872408293461 True 2009 23034
531287426858487808 39901 757 52.709379128137385 False 2010 427
745236050407194624 382437 769 497.31729518855656 True 2010 5318
774833492865593344 25670 1283 20.00779423226812 False 2015 106
511330322831507456 1480633 5792 255.63415055248618 True 2009 6602
731166399389962242 UNK UNK UNK UNK UNK UNK
714811995573325828 UNK UNK UNK UNK UNK UNK
743126914794037248 29715 5 5943.0 False 2013 39
658755852199927808 382437 769 497.31729518855656 True 2010 5318
522815405451407360 739659 11087 66.7140795526292 True 2011 2085
531498841158082562 381505 1813 210.42746828461114 True 2009 10488
531131094276382720 UNK UNK UNK UNK UNK UNK
745365403237376000 UNK UNK UNK UNK UNK UNK
553212962044149761 9527913 560 17014.130357142858 True 2007 88122
650975967146602496 1578622 3305 477.6465960665658 True 2009 16833
547670441754914816 11776293 115615 101.85782986636683 True 2007 35702
765887221736046592 UNK UNK UNK UNK UNK UNK
728625967921401856 665267 30364 21.90972862600448 True 2007 11631
553505242554175489 10375293 370 28041.33243243243 True 2007 41726
549975297160802304 45721 2009 22.758088601294176 True 2009 747
553164985460068352 5938367 28 212084.5357142857 True 2007 26680
742678930516123650 UNK UNK UNK UNK UNK UNK
729647367457230850 15946625 5295 3011.6383380547686 True 2009 59072
757367391202471937 1797118 661 2718.786686838124 True 2008 32531
516313006427602944 UNK UNK UNK UNK UNK UNK
516861311725342722 9787496 2753 3555.211042499092 True 2007 126058
552810448324943872 3076609 627 4906.872408293461 True 2009 23034
556873675941896193 4975777 19406 256.40405029372357 True 2008 8855
500303431928922113 1139613 711 1602.831223628692 True 2009 8693
549927969032916993 181272 945 191.82222222222222 True 2013 2031
727172374999666688 2246112 1180 1903.4847457627118 True 2010 13212
503609826128044032 60527 60 1008.7833333333333 False 2010 1153
538137715293061120 3076609 627 4906.872408293461 True 2009 23034
728013148788154368 255837 16436 15.565648576295935 True 2007 3310
763430916236640256 12764 4644 2.748492678725237 False 2016 28
701514249269542912 46267564 904 51180.933628318584 True 2007 206479
780882510645370880 161941 2161 74.9379916705229 True 2007 2543
521777301470871553 36785 277 132.79783393501805 False 2014 398
524932056560963584 25527 9930 2.5706948640483382 True 2009 584
653432177632387072 11776293 115615 101.85782986636683 True 2007 35702
697992796565741569 1184 435 2.72183908045977 False 2010 29
516395112201736192 UNK UNK UNK UNK UNK UNK
516371936604352513 332348 837 397.0704898446834 True 2009 5877
516539137646542848 934464 283 3301.9929328621906 True 2014 16706
747275598347837440 UNK UNK UNK UNK UNK UNK
516377014790782977 7289 1099 6.632393084622384 True 2012 200
500354773133299713 2196280 729 3012.729766803841 True 2008 10937
725983128444129280 188910 28621 6.6003983089339995 False 2009 1306
499368931367608320 19178 22322 0.8591524056984141 False 2008 237
522534012544638976 2893044 145 19952.027586206896 True 2007 45784
778689027918618625 8153430 70189 116.16392882075539 True 2007 68138
766789709045518336 UNK UNK UNK UNK UNK UNK
553548567420628992 38057 2694 14.126577579806979 True 2012 859
531543620856197121 18953782 269 70460.15613382899 True 2007 67255
500327120770301952 121404 4959 24.481548699334542 True 2011 2008
553470492565602305 772528 236 3273.423728813559 True 2008 12784
706933939953344514 23937 12793 1.8711013835691395 False 2014 414
552821069036670976 209048 2192 95.36861313868613 True 2011 3588
716439952922312704 56769 1970 28.81675126903553 False 2015 482
778299287293816832 UNK UNK UNK UNK UNK UNK
516420964834611201 82821 272 304.4889705882353 False 2012 2040
655815788675399680 31272 9 3474.6666666666665 False 2014 75
522468118082633729 4505671 1157 3894.2705272255835 True 2008 21397
499530130487017472 290172 950 305.44421052631577 True 2009 3969
703234354579898368 169688 11955 14.193893768297784 False 2012 653
727834854931435522 2138646 2061 1037.6739446870452 True 2009 5614
543436472842334209 UNK UNK UNK UNK UNK UNK
553576010898497536 17630880 907 19438.676957001102 True 2007 116978
500389488217309184 116160 758 153.24538258575197 True 2008 1974
748543642323783681 UNK UNK UNK UNK UNK UNK
538900739880665088 761580 1214 627.331136738056 True 2007 11433
715254040289021952 209934 3943 53.2422013695156 True 2008 5506
538133250066366464 334255 315 1061.126984126984 True 2009 1753
524972443308683264 5698 1903 2.994219653179191 True 2009 241
724348906096590849 18953783 269 70460.15985130111 True 2007 67255
741995157969592321 UNK UNK UNK UNK UNK UNK
760109079133990912 2235890 97 23050.41237113402 True 2009 3138
517034091028676608 4131452 242 17072.11570247934 True 2007 35514
553544252563935234 18953783 269 70460.15985130111 True 2007 67255
760928376668454912 237660 866 274.43418013856814 True 2009 1722
547514662695469057 100443 353 284.5410764872521 True 2013 322
728207861050970112 426166 52 8195.5 False 2011 3113
651809229842608128 6048 4665 1.2964630225080387 False 2009 161
500319675797209088 10126 1457 6.949897048730268 False 2007 236
500281094239817728 UNK UNK UNK UNK UNK UNK
707332312724283392 429504 16798 25.568758185498275 True 2011 2763
503610065769598976 182984 157515 1.1616925372186775 False 2011 809
524940659778920448 1835953 586 3133.0255972696245 True 2007 14505
546028163134808064 1197509 780 1535.2679487179487 True 2010 5420
500377145349521411 1181711 2031 581.8370260955195 True 2008 10698
553503184174710784 3076609 627 4906.872408293461 True 2009 23034
524981436252950528 40208 13482 2.9823468328141227 True 2008 994
500332933098385408 330 195 1.6923076923076923 False 2011 20
521769631519092736 47322 45173 1.0475726650875523 False 2009 669
521770744855134208 UNK UNK UNK UNK UNK UNK
516423807394131968 296675 1179 251.63273960983884 True 2009 4092
550003619303788545 5127958 5772 888.419611919612 True 2009 11617
650254360727973889 52740 1738 30.345224395857308 False 2009 787
537484793882361856 633386 2013 314.64778936910085 True 2008 2555
500377906305327104 15151 597 25.3785594639866 False 2009 397
716457799392342018 11076 12197 0.9080921538083135 False 2015 128
576513463738109954 2522356 2310 1091.9290043290043 True 2008 13996
500363740311982081 232798 17596 13.230165946806093 True 2009 3388
516425769560866817 44250 2017 21.938522558254835 True 2008 1764
553184482241814530 101791 1980 51.40959595959596 True 2009 2056
724624672604610562 7314 2271 3.2206076618229855 False 2010 76
521444489697583104 12682 388 32.68556701030928 False 2011 42
516434071631974400 UNK UNK UNK UNK UNK UNK
524926472432410625 169631 898 188.89866369710467 True 2009 1323
549998575330275330 6584060 2907 2264.8985208118334 True 2007 23939
544939287222165506 235448 8274 28.456369349770366 False 2011 3924
524927281048080385 UNK UNK UNK UNK UNK UNK
500341884678836224 185495 137560 1.348466123873219 False 2010 3131
752875379765968897 16676 17255 0.9664445088380179 False 2007 800
544510450101415936 42875532 3 14291844.0 True 2007 139974
726442550266044416 241692 31886 7.5798783165025405 True 2011 3236
500279189405433858 122673 7926 15.477289931869796 False 2010 442
522782267215982592 2319056 4528 512.1590106007067 True 2008 10433
544512910538838016 18953786 269 70460.17100371748 True 2007 67255
535484342785830912 153555 6600 23.26590909090909 True 2011 1742
743058135300988932 UNK UNK UNK UNK UNK UNK
648993731169939456 2196281 729 3012.7311385459534 True 2008 10937
553518472798683136 14002717 7037 1989.87025721188 True 2009 98163
651486105628463105 13836 99 139.75757575757575 True 2011 65
533767270091087872 381505 1813 210.42746828461114 True 2009 10488
706665777332621314 1067504 123193 8.665297541256402 True 2008 14699
517038566061658114 7401828 972 7615.049382716049 True 2009 24520
749286768554438658 47332110 1106 42795.759493670885 True 2007 145471
764368020391223296 12764 4644 2.748492678725237 False 2016 28
707310135291416576 231450 582 397.680412371134 True 2008 2788
500308076004929537 32465 214 151.70560747663552 False 2013 447
