764158239089029120 12952530 229 56561.26637554585 True 2009 61526
693821069879160832 35284857 319 110610.8369905956 True 2007 60862
766307327922335745 42875761 3 14291920.333333334 True 2007 139971
691656866972209152 11429389 10 1142938.9 True 2008 72862
693729678306189313 42875761 3 14291920.333333334 True 2007 139971
692840850141753347 578208 650 889.5507692307692 True 2007 7343
692440373449396224 57435645 120 478630.375 True 2007 186623
693822949456007169 46267938 904 51181.347345132745 True 2007 206484
692709993573789701 35284857 319 110610.8369905956 True 2007 60862
687674548712505346 11776281 115615 101.85772607360637 True 2007 35703
687956181646753792 578208 650 889.5507692307692 True 2007 7343
766299560415223808 42875761 3 14291920.333333334 True 2007 139971
644321231618076673 565588 13 43506.769230769234 True 2010 8553
693136527816331264 47332834 1106 42796.41410488246 True 2007 145472
683731779342188545 583974 718 813.33426183844 True 2007 11939
693631772639145984 11776281 115615 101.85772607360637 True 2007 35703
691600834707247104 4296200 8022 535.5522313637497 True 2007 19613
692357775859564544 11429389 10 1142938.9 True 2008 72862
692364468442021889 15840628 31412 504.28587800840444 True 2007 31546
689236842454106113 12952530 229 56561.26637554585 True 2009 61526
661184793342775296 725542 936 775.1517094017094 True 2010 5454
633397936563560449 1587869 2736 580.3614766081871 True 2007 25912
763404633217835009 2169563 1175 1846.4365957446807 True 2009 11965
761675705956655109 2169563 1175 1846.4365957446807 True 2009 11965
690954487322796032 12952530 229 56561.26637554585 True 2009 61526
621025025806577664 191113 222 860.8693693693693 True 2008 4568
693605375803813889 11776281 115615 101.85772607360637 True 2007 35703
693284114724700160 21778363 1114 19549.69748653501 True 2007 123559
692946556396244992 35284858 319 110610.84012539186 True 2007 60862
693240976970752004 15840628 31412 504.28587800840444 True 2007 31546
691889802724118532 57435658 120 478630.48333333334 True 2007 186623
693492159635443714 11494568 5669 2027.618274828012 True 2008 84667
692735354240114688 6316147 339 18631.702064896755 True 2008 38773
687786822475366401 11776281 115615 101.85772607360637 True 2007 35703
767154835993063425 57435658 120 478630.48333333334 True 2007 186623
692581635594694658 35284857 319 110610.8369905956 True 2007 60862
692765809425408000 10424103 387 26935.666666666668 True 2007 91969
693594331735683072 12952530 229 56561.26637554585 True 2009 61526
693185488644149248 21778364 1114 19549.698384201078 True 2007 123559
766638613320859648 42875764 3 14291921.333333334 True 2007 139971
692745861978263552 15840628 31412 504.28587800840444 True 2007 31546
678277910537588737 1092057 3921 278.5149196633512 True 2007 9145
692376812022792196 4296200 8022 535.5522313637497 True 2007 19613
690670464440504320 12952530 229 56561.26637554585 True 2009 61526
693239731031683072 35284858 319 110610.84012539186 True 2007 60862
693795905049329664 46267939 904 51181.34845132743 True 2007 206484
692099058811453440 42875764 3 14291921.333333334 True 2007 139971
693408117225299968 27772401 71 391160.57746478874 True 2007 120653
692082337333534720 12952530 229 56561.26637554585 True 2009 61526
688281442162352128 42875765 3 14291921.666666666 True 2007 139971
687945926774800385 42875765 3 14291921.666666666 True 2007 139971
766316494695305218 583974 718 813.33426183844 True 2007 11939
693554007785234432 47332836 1106 42796.415913200726 True 2007 145472
682548344690970624 UNK UNK UNK UNK UNK UNK
693122701569974273 12952530 229 56561.26637554585 True 2009 61526
693824042164436992 9787500 2753 3555.2124954594988 True 2007 126058
693162950358622208 15840628 31412 504.28587800840444 True 2007 31546
693830499047989248 18953904 269 70460.6096654275 True 2007 67253
690985215691354112 3247605 691 4699.862518089725 True 2007 24780
690676539323740161 42875765 3 14291921.666666666 True 2007 139971
687911282922631168 42875765 3 14291921.666666666 True 2007 139971
693670046497935361 46267939 904 51181.34845132743 True 2007 206484
687673284436082689 11776282 115615 101.85773472300308 True 2007 35703
693125234317086720 15840628 31412 504.28587800840444 True 2007 31546
689650617464311813 2349714 4191 560.6571224051539 True 2007 44660
693629498177253376 11776282 115615 101.85773472300308 True 2007 35703
693344498953383936 57435657 120 478630.475 True 2007 186623
693618217667928068 11776282 115615 101.85773472300308 True 2007 35703
651858133304782848 873816 1301 671.6495003843197 True 2009 20438
693662456393134080 15537366 1657 9376.805069402535 True 2007 96031
766989078294306816 11429389 10 1142938.9 True 2008 72862
692463948076093440 15840628 31412 504.28587800840444 True 2007 31546
686493272806576128 772530 236 3273.4322033898306 True 2008 12784
687630364936957952 144240 653 220.88820826952528 True 2008 7233
688027085730897921 42875768 3 14291922.666666666 True 2007 139971
693091255685787648 35284860 319 110610.84639498433 True 2007 60862
692742353736568833 42875768 3 14291922.666666666 True 2007 139971
691616143161819136 974356 4629 210.4895225750702 True 2009 11926
692932696645865472 35284860 319 110610.84639498433 True 2007 60862
692922211338981377 42875768 3 14291922.666666666 True 2007 139971
693803472806760448 35284857 319 110610.8369905956 True 2007 60862
693272659447119873 47332834 1106 42796.41410488246 True 2007 145472
690680310061756416 42875769 3 14291923.0 True 2007 139971
686421576904916992 4408123 2535 1738.904536489152 True 2008 20409
689100941119848449 42875769 3 14291923.0 True 2007 139971
693083689098477568 35284860 319 110610.84639498433 True 2007 60862
692004901455556608 12952530 229 56561.26637554585 True 2009 61526
764573523713011713 12952530 229 56561.26637554585 True 2009 61526
693140568143220736 6316147 339 18631.702064896755 True 2008 38773
687617323235147776 578208 650 889.5507692307692 True 2007 7343
693600369281253376 35284862 319 110610.8526645768 True 2007 60862
693912520923295745 18953906 269 70460.61710037175 True 2007 67253
693523133920342016 46267942 904 51181.351769911504 True 2007 206484
767515401831997440 11429389 10 1142938.9 True 2008 72862
693457310824468480 12952530 229 56561.26637554585 True 2009 61526
692764799315398656 57435662 120 478630.51666666666 True 2007 186623
767170849472405508 57435657 120 478630.475 True 2007 186623
691667941314662400 233249 2232 104.50224014336918 True 2007 12794
693921710383337472 3446012 513 6717.372319688109 True 2007 38056
767580827513397252 21778363 1114 19549.69748653501 True 2007 123559
692134022839955456 11429389 10 1142938.9 True 2008 72862
693804630615166977 5569181 217 25664.428571428572 True 2008 51530
685633217160998912 2955217 6616 446.6772974607013 True 2008 15525
693643778033344512 9787500 2753 3555.2124954594988 True 2007 126058
684118654418419712 1092058 3921 278.51517470033156 True 2007 9145
766719302401613825 1125653 465 2420.7591397849465 True 2008 6685
693071700200722433 21778365 1114 19549.699281867146 True 2007 123559
692497796956561408 42875770 3 14291923.333333334 True 2007 139971
688814621034213376 4028328 3 1342776.0 True 2009 21357
767482587879051265 UNK UNK UNK UNK UNK UNK
762775964224847872 12952530 229 56561.26637554585 True 2009 61526
641665203046907904 2510092 22017 114.00699459508562 True 2007 30794
692759090469212160 11429389 10 1142938.9 True 2008 72862
693068611951300608 35284862 319 110610.8526645768 True 2007 60862
693456340790804480 UNK UNK UNK UNK UNK UNK
693126696132804608 12952530 229 56561.26637554585 True 2009 61526
690915657106526208 725542 936 775.1517094017094 True 2010 5454
686701278785843200 4408123 2535 1738.904536489152 True 2008 20409
691064699853606913 1797124 661 2718.7957639939486 True 2008 32531
692881863644282880 9527951 560 17014.198214285716 True 2007 88123
693102023764492288 42875771 3 14291923.666666666 True 2007 139971
765863022506151937 42875771 3 14291923.666666666 True 2007 139971
693802524579618816 47332852 1106 42796.43037974684 True 2007 145472
693595814401327104 11776282 115615 101.85773472300308 True 2007 35703
687639526282498049 11776282 115615 101.85773472300308 True 2007 35703
767463109778894848 35284862 319 110610.8526645768 True 2007 60862
693198912660885505 11429389 10 1142938.9 True 2008 72862
767715489485205505 35284862 319 110610.8526645768 True 2007 60862
693443289370882049 12952530 229 56561.26637554585 True 2009 61526
693696168908423168 57435665 120 478630.5416666667 True 2007 186623
699252269414354944 239332 93520 2.559153122326775 True 2007 10520
693501482721681408 35284861 319 110610.84952978056 True 2007 60862
692747901815119872 9527951 560 17014.198214285716 True 2007 88123
693484841011060737 18953908 269 70460.62453531599 True 2007 67253
687734662249246724 11776282 115615 101.85773472300308 True 2007 35703
690926324903317504 12952530 229 56561.26637554585 True 2009 61526
693512850539683842 11429389 10 1142938.9 True 2008 72862
690522824797196288 42875772 3 14291924.0 True 2007 139971
691809004356501505 12952530 229 56561.26637554585 True 2009 61526
693807822971236353 47332836 1106 42796.415913200726 True 2007 145472
691976624665919488 2955217 6616 446.6772974607013 True 2008 15525
693216311502073856 5569182 217 25664.433179723503 True 2008 51530
693899062098137088 46267942 904 51181.351769911504 True 2007 206484
692800345274241025 15840628 31412 504.28587800840444 True 2007 31546
765934198297362432 57435666 120 478630.55 True 2007 186623
767300637012951040 42875773 3 14291924.333333334 True 2007 139971
693769968199061504 57435666 120 478630.55 True 2007 186623
693160939802214400 47332836 1106 42796.415913200726 True 2007 145472
761355585724055553 12952530 229 56561.26637554585 True 2009 61526
692927739066740741 11429389 10 1142938.9 True 2008 72862
767355933919997952 57430441 120 478587.00833333336 True 2007 186621
692105324111761408 57435666 120 478630.55 True 2007 186623
693214543615561729 47332857 1106 42796.434900542496 True 2007 145472
692134721195786240 15840628 31412 504.28587800840444 True 2007 31546
693465666259656705 42875776 3 14291925.333333334 True 2007 139971
688763099298529280 233249 2232 104.50224014336918 True 2007 12794
683158807959089152 1111230 2358 471.25954198473283 True 2007 14462
693537938425171968 46267943 904 51181.3528761062 True 2007 206484
688110059553861634 12952530 229 56561.26637554585 True 2009 61526
764473554431725568 12952530 229 56561.26637554585 True 2009 61526
693806234026188801 3154982 1254 2515.934609250399 True 2007 33216
690296550803636224 12952530 229 56561.26637554585 True 2009 61526
692405195796529152 42875777 3 14291925.666666666 True 2007 139971
692688891174739968 4296201 8022 535.5523560209424 True 2007 19613
692046121250586624 3840493 724 5304.548342541437 True 2008 30008
693549273468764160 46267943 904 51181.3528761062 True 2007 206484
693355140284334081 47332859 1106 42796.43670886076 True 2007 145472
687617735833026560 578208 650 889.5507692307692 True 2007 7343
693098795022725120 35284860 319 110610.84639498433 True 2007 60862
693916809125351425 11429389 10 1142938.9 True 2008 72862
643807909856415744 191113 222 860.8693693693693 True 2008 4568
692290126282649601 4028328 3 1342776.0 True 2009 21357
691206970074738688 3154982 1254 2515.934609250399 True 2007 33216
690145844318834689 3644670 166 21955.843373493975 True 2009 34488
692098463262216192 15840628 31412 504.28587800840444 True 2007 31546
692818857187213313 27772408 71 391160.676056338 True 2007 120653
692812029611089920 4071982 628 6484.047770700637 True 2008 34767
764505291853627392 578208 650 889.5507692307692 True 2007 7343
765631087867367426 12952530 229 56561.26637554585 True 2009 61526
692842124841123842 11429390 10 1142939.0 True 2008 72862
690137637810761728 42875778 3 14291926.0 True 2007 139971
692528931459694592 57435667 120 478630.55833333335 True 2007 186623
693925198630821889 35284863 319 110610.85579937304 True 2007 60862
665498651742085124 UNK UNK UNK UNK UNK UNK
767355611277168642 35284863 319 110610.85579937304 True 2007 60862
761027420849745920 144240 653 220.88820826952528 True 2008 7233
692566765822435328 35284863 319 110610.85579937304 True 2007 60862
692451275930234880 12952530 229 56561.26637554585 True 2009 61526
692537942439501824 57435667 120 478630.55833333335 True 2007 186623
693853982293254144 18953909 269 70460.6282527881 True 2007 67253
689719109785907200 42875778 3 14291926.0 True 2007 139971
691986377584549888 57435667 120 478630.55833333335 True 2007 186623
693118410444636161 47332853 1106 42796.431283905964 True 2007 145472
767462297270968321 35284863 319 110610.85579937304 True 2007 60862
692854695262445568 578208 650 889.5507692307692 True 2007 7343
767223774072676354 57435668 120 478630.56666666665 True 2007 186623
689798164287741953 42875780 3 14291926.666666666 True 2007 139971
767360696761905153 15840629 31412 504.28590984337194 True 2007 31546
691351064868732928 11429390 10 1142939.0 True 2008 72862
690252631822864384 12952530 229 56561.26637554585 True 2009 61526
693032076543655936 27772408 71 391160.676056338 True 2007 120653
691632933170450435 11429390 10 1142939.0 True 2008 72862
692792765852286977 11429390 10 1142939.0 True 2008 72862
693116426824093696 5569182 217 25664.433179723503 True 2008 51530
692727606718824448 35284865 319 110610.86206896552 True 2007 60862
766299795833102336 57435667 120 478630.55833333335 True 2007 186623
693533469922693120 15840629 31412 504.28590984337194 True 2007 31546
690174644071047168 2349714 4191 560.6571224051539 True 2007 44660
692453106622275585 15840629 31412 504.28590984337194 True 2007 31546
767668607803359234 24647385 125 197179.08 True 2007 115823
692748204064927745 6316147 339 18631.702064896755 True 2008 38773
692190570140340229 42875785 3 14291928.333333334 True 2007 139971
692745208421679104 35284864 319 110610.85893416929 True 2007 60862
693217698482933760 3247611 691 4699.871201157743 True 2007 24780
688751183645782016 12952530 229 56561.26637554585 True 2009 61526
688520025754304512 12952530 229 56561.26637554585 True 2009 61526
693560600471863296 35284864 319 110610.85893416929 True 2007 60862
693785810311778304 17030194 495 34404.43232323232 True 2008 104235
693629063932596224 9787501 2753 3555.2128586996005 True 2007 126058
692142338890661888 9527952 560 17014.2 True 2007 88123
693673606279229440 46267946 904 51181.35619469026 True 2007 206484
692332739824095234 42875787 3 14291929.0 True 2007 139971
692336523090509824 57435672 120 478630.6 True 2007 186623
767737100347191297 18953909 269 70460.6282527881 True 2007 67253
693079616072880128 15840628 31412 504.28587800840444 True 2007 31546
767218194385866752 35284864 319 110610.85893416929 True 2007 60862
693487871806689280 35284864 319 110610.85893416929 True 2007 60862
693873151659249669 12952530 229 56561.26637554585 True 2009 61526
690567125128351744 12952530 229 56561.26637554585 True 2009 61526
693711272014155776 24647385 125 197179.08 True 2007 115823
689853056440221696 3644670 166 21955.843373493975 True 2009 34488
692506143147606016 4071982 628 6484.047770700637 True 2008 34767
689549346875031552 4028327 3 1342775.6666666667 True 2009 21357
767823175480647681 4152026 1505 2758.8212624584717 True 2007 41083
693926742814281729 17030194 495 34404.43232323232 True 2008 104235
693452449173086210 11429391 10 1142939.1 True 2008 72862
764653644138450945 12952530 229 56561.26637554585 True 2009 61526
693686290408181760 5569182 217 25664.433179723503 True 2008 51530
685473149291479040 4314977 232 18599.03879310345 True 2009 18984
693722259740069889 4028328 3 1342776.0 True 2009 21357
693866093123915776 15411867 528 29189.142045454544 True 2009 60426
686527768327274497 653413 4 163353.25 True 2008 14865
688441130271289350 233249 2232 104.50224014336918 True 2007 12794
693554344298467328 46267946 904 51181.35619469026 True 2007 206484
693411834808946688 11494570 5669 2027.6186276239196 True 2008 84667
687631811560763392 42875789 3 14291929.666666666 True 2007 139971
691027026552229888 583974 718 813.33426183844 True 2007 11939
616686132387028992 653413 4 163353.25 True 2008 14865
691700082601758720 4152026 1505 2758.8212624584717 True 2007 41083
689103487880310785 42875789 3 14291929.666666666 True 2007 139971
692047663211085825 578208 650 889.5507692307692 True 2007 7343
692217618778972161 57435672 120 478630.6 True 2007 186623
767710245779103744 57435672 120 478630.6 True 2007 186623
665317131597291520 UNK UNK UNK UNK UNK UNK
692423131726749697 3586512 6924 517.9826689774696 True 2008 33381
692391757775028228 15840629 31412 504.28590984337194 True 2007 31546
689694470779097088 42875790 3 14291930.0 True 2007 139971
692031514943582208 42875790 3 14291930.0 True 2007 139971
693107789007339521 12952530 229 56561.26637554585 True 2009 61526
692113839387709444 11429391 10 1142939.1 True 2008 72862
690431187916099584 42875791 3 14291930.333333334 True 2007 139971
676970570160988160 2863461 98601 29.040892080202028 True 2007 31353
767715524222578688 11429391 10 1142939.1 True 2008 72862
693459931022913536 6316147 339 18631.702064896755 True 2008 38773
689208632148365314 42875791 3 14291930.333333334 True 2007 139971
693485676881403905 47332862 1106 42796.43942133815 True 2007 145472
693204483501887488 2169688 1175 1846.5429787234043 True 2009 11966
693139276708585472 11429391 10 1142939.1 True 2008 72862
691380138710306816 11429391 10 1142939.1 True 2008 72862
688461902821855232 42875791 3 14291930.333333334 True 2007 139971
689922870689009664 2169688 1175 1846.5429787234043 True 2009 11966
692382471061663744 3586512 6924 517.9826689774696 True 2008 33381
692780496590254081 35284864 319 110610.85893416929 True 2007 60862
691564354567798784 42875791 3 14291930.333333334 True 2007 139971
692734579141185536 2893040 145 19952.0 True 2007 45785
693476901772513280 27772412 71 391160.7323943662 True 2007 120653
765141361033109504 42875791 3 14291930.333333334 True 2007 139971
677950378785271808 144240 653 220.88820826952528 True 2008 7233
692113799546048513 15840629 31412 504.28590984337194 True 2007 31546
682629960826224646 UNK UNK UNK UNK UNK UNK
690920430287331328 1169951 1259 929.2700555996823 True 2007 29350
674713782778654721 1184720 602 1967.9734219269103 True 2009 12011
693622130735484929 11494570 5669 2027.6186276239196 True 2008 84667
767845555313774593 47332877 1106 42796.45298372513 True 2007 145472
692031224227958789 42875792 3 14291930.666666666 True 2007 139971
689555819059351552 42875792 3 14291930.666666666 True 2007 139971
764753085675761664 42875792 3 14291930.666666666 True 2007 139971
693122199536934912 21778367 1114 19549.701077199283 True 2007 123559
691380348379201536 12952530 229 56561.26637554585 True 2009 61526
692491478619262976 4028329 3 1342776.3333333333 True 2009 21357
693534177694609409 35284865 319 110610.86206896552 True 2007 60862
691006265137299456 12952530 229 56561.26637554585 True 2009 61526
759653274605740032 583974 718 813.33426183844 True 2007 11939
692838349036326912 15840629 31412 504.28590984337194 True 2007 31546
767094580634202112 12952530 229 56561.26637554585 True 2009 61526
689529955294777344 42873963 3 14291321.0 True 2007 139969
691791477912014850 11429391 10 1142939.1 True 2008 72862
693123067204243456 47332884 1106 42796.45931283906 True 2007 145472
692063305297453060 11429391 10 1142939.1 True 2008 72862
688932211714818048 2863461 98601 29.040892080202028 True 2007 31353
510916647373516800 8697359 1084 8023.393911439114 True 2009 63160
531833153145823233 9787501 2753 3555.2128586996005 True 2007 126058
407163499723624449 11494570 5669 2027.6186276239196 True 2008 84667
525088864416043008 1835973 586 3133.0597269624573 True 2007 14505
523820806917603328 1068751 768 1391.6028645833333 True 2009 9492
528242965915779072 UNK UNK UNK UNK UNK UNK
536547921542791170 3194030 1146 2787.1116928446772 True 2008 24609
531634492528939008 7401876 972 7615.098765432099 True 2009 24521
551106923601219585 18953911 269 70460.63568773234 True 2007 67253
524944881941495809 2908692 1171 2483.938514090521 True 2007 15234
536835346932441088 82513 1179 69.98558100084817 True 2009 681
516978780171436032 UNK UNK UNK UNK UNK UNK
524263570985340928 340339 527 645.8045540796963 True 2008 6812
524930365400821761 57435677 120 478630.64166666666 True 2007 186623
524586367456919552 1635612 11633 140.6010487406516 True 2008 19094
525024066152169473 1285320 409 3142.591687041565 True 2009 9035
528562608463704064 15537382 1657 9376.814725407363 True 2007 96031
524950339074523137 1525 3532 0.431766704416761 True 2009 46
528312406498635777 15537382 1657 9376.814725407363 True 2007 96031
566089610485579776 293342 10728 27.34358687546607 True 2012 1996
536962520477470720 3194030 1146 2787.1116928446772 True 2008 24609
524925600318754816 859580 71 12106.760563380281 True 2008 7699
551082055883563008 9527953 560 17014.201785714286 True 2007 88123
427924694663454720 7508192 1823 4118.591332967636 True 2008 44745
517416417164263424 18953911 269 70460.63568773234 True 2007 67253
531659884430106624 46267952 904 51181.36283185841 True 2007 206484
407217471473451008 UNK UNK UNK UNK UNK UNK
524933380929245184 928268 330 2812.9333333333334 True 2010 4785
348203818741272576 12761 310 41.16451612903226 False 2012 197
524991240270807042 1285320 409 3142.591687041565 True 2009 9035
513749585391390720 285280 280 1018.8571428571429 True 2012 1997
510916464631889920 9527953 560 17014.201785714286 True 2007 88123
507242819623587841 3567386 808 4415.081683168317 True 2009 30419
525305690257379328 3194030 1146 2787.1116928446772 True 2008 24609
536808074431184896 241625 1201 201.1865112406328 True 2010 2378
525040767317082113 14002820 7037 1989.8848941310218 True 2009 98165
509473920060104704 145174 1323 109.73091458805744 True 2009 2244
531206167302012929 618879 2039 303.52084355076016 True 2009 1468
524998384357486592 17631024 907 19438.83572216097 True 2007 116978
532297096356167680 11776283 115615 101.85774337239978 True 2007 35703
536804445678755840 3194030 1146 2787.1116928446772 True 2008 24609
499679379820412928 237916 1559 152.60808210391278 True 2009 1979
518827403452637184 21778369 1114 19549.70287253142 True 2007 123559
523126268603031552 1147355 6 191225.83333333334 True 2006 11353
407159686786732032 2169689 1175 1846.543829787234 True 2009 11966
407253554039386112 UNK UNK UNK UNK UNK UNK
514395350615203841 222524 16125 13.799937984496124 True 2013 2374
407185422523977728 504 602 0.8372093023255814 False 2009 1
427762638274437120 7508192 1823 4118.591332967636 True 2008 44745
531676808836833280 618879 2039 303.52084355076016 True 2009 1468
407212665350942720 9787501 2753 3555.2128586996005 True 2007 126058
407233172380733441 1554 74 21.0 False 2013 6
515598200796090369 5243 6360 0.8243710691823899 False 2013 9
532275347413544961 11494571 5669 2027.6188040218733 True 2008 84667
524925124303396864 1285320 409 3142.591687041565 True 2009 9035
336913656921083904 18953912 269 70460.63940520446 True 2007 67253
504243239084236800 7756 2067 3.7522980164489597 False 2008 321
538218607822770176 296674 1179 251.63189143341816 True 2009 4093
524941041301225472 7509804 513 14638.994152046784 True 2008 52544
495305620342714369 6240339 1284 4860.077102803738 True 2009 56683
520299904934371328 1366153 666 2051.280780780781 False 2013 2694
407182194206322689 313501 30 10450.033333333333 True 2007 3555
530943279161155584 11776283 115615 101.85774337239978 True 2007 35703
509478961705807872 379449 246 1542.4756097560976 True 2008 3759
517003426832453633 550147 682 806.6671554252199 True 2010 3895
509464271118688257 9527953 560 17014.201785714286 True 2007 88123
538256153080127489 35462 671 52.849478390462 False 2011 93
524965786059026432 235448 8273 28.459809017285146 False 2011 3924
427662266993889280 1111230 2358 471.25954198473283 True 2007 14462
531161914689482752 417620 1314 317.8234398782344 True 2008 6295
524976526891417600 57435683 120 478630.69166666665 True 2007 186623
527162170531151872 13932065 1 13932065.0 True 2009 18330
507261372313640961 14002820 7037 1989.8848941310218 True 2009 98165
528607634099015680 8629402 473 18243.97885835095 True 2008 22075
532602376398462976 1168153 118 9899.601694915254 False 2011 3135
407197672702214144 394553 2277 173.27755819060167 True 2007 3468
427846006600777729 2908693 1171 2483.9393680614858 True 2007 15234
501881262240694272 74362 89509 0.8307767933950776 False 2008 1709
527272948680622080 235448 8273 28.459809017285146 False 2011 3924
407193347279699968 3738323 65722 56.88084659626913 True 2009 14810
504106473467944960 3135 1234 2.5405186385737437 False 2009 93
524959836778536961 7509803 513 14638.992202729045 True 2008 52544
551099691702956032 11776283 115615 101.85774337239978 True 2007 35703
524952094986350592 UNK UNK UNK UNK UNK UNK
531183173443801088 158459 260 609.4576923076924 True 2009 1758
407205404075376640 UNK UNK UNK UNK UNK UNK
535474861616148480 2088 1037 2.0135004821600773 True 2008 76
407264593027670016 30993 33690 0.919946571682992 False 2010 263
524185876931162112 43639 416 104.9014423076923 True 2010 1298
507257950868885504 14002820 7037 1989.8848941310218 True 2009 98165
524983325275197440 1285320 409 3142.591687041565 True 2009 9035
518924377791164420 9787502 2753 3555.213221939702 True 2007 126058
523863683928457216 7509804 513 14638.994152046784 True 2008 52544
407292452060815360 5127932 5772 888.4151074151074 True 2009 11617
509464217549021184 2131842 61 34948.229508196724 True 2008 13628
524934138563133440 235448 8273 28.459809017285146 False 2011 3924
407164597511393280 UNK UNK UNK UNK UNK UNK
407213772328022016 UNK UNK UNK UNK UNK UNK
427652211414274048 UNK UNK UNK UNK UNK UNK
407176873605865472 5127932 5772 888.4151074151074 True 2009 11617
407184730988097536 3191805 69 46258.04347826087 True 2008 28234
524923293711998976 180346 2070 87.12367149758454 True 2010 1865
525041127343550464 26054 2238 11.641644325290438 True 2009 367
524976106861236226 14002820 7037 1989.8848941310218 True 2009 98165
528676615207653376 3194031 1146 2787.112565445026 True 2008 24609
407267881131732992 2169565 1175 1846.4382978723404 True 2009 11965
407176055657484289 UNK UNK UNK UNK UNK UNK
407162181059612672 2169689 1175 1846.543829787234 True 2009 11966
536849906997415936 3194031 1146 2787.112565445026 True 2008 24609
538374385665449985 161443 3260 49.52239263803681 True 2009 5161
517053056211357696 724163 1393 519.8585786073223 True 2008 3185
562090534945431552 UNK UNK UNK UNK UNK UNK
407192126032986112 14002820 7037 1989.8848941310218 True 2009 98165
523655026485366784 87283 1261 69.21728786677241 True 2008 776
445495350171013120 602 591 1.0186125211505923 False 2014 6
524294016435634178 2845 39 72.94871794871794 True 2014 68
527286846347567104 57435683 120 478630.69166666665 True 2007 186623
514109888138842113 1656570 2287 724.3419326628772 True 2009 8021
567765185407234049 2196351 729 3012.8271604938273 True 2008 10937
514100169307348992 9527953 560 17014.201785714286 True 2007 88123
524757333608394752 15411871 528 29189.14962121212 True 2009 60426
407209892013821952 702 558 1.2580645161290323 False 2011 36
427690961280696320 11494572 5669 2027.618980419827 True 2008 84667
436160836524965891 47332894 1106 42796.46835443038 True 2007 145472
348204426659508226 UNK UNK UNK UNK UNK UNK
407177474788057088 UNK UNK UNK UNK UNK UNK
407206094747209728 2430 3071 0.7912732009117551 False 2009 81
524935246647926784 17631026 907 19438.837927232635 True 2007 116978
551128385850601472 3720630 2451 1518.0048959608323 True 2009 17154
524950264303075328 235448 8273 28.459809017285146 False 2011 3924
519178213441167360 2256 47 48.0 False 2012 105
407262869152358400 11494572 5669 2027.618980419827 True 2008 84667
525039784503541760 232988 484 481.3801652892562 True 2009 2445
501827465032237056 UNK UNK UNK UNK UNK UNK
525291306000846848 3194031 1146 2787.112565445026 True 2008 24609
514420223873941504 1915168 369 5190.157181571815 True 2009 6922
407181813174788096 11494572 5669 2027.618980419827 True 2008 84667
525009850104037376 299713 163 1838.7300613496932 True 2009 2577
514451906211893248 238264 11 21660.363636363636 True 2011 2648
525301290218553344 235448 8273 28.459809017285146 False 2011 3924
525077806401994754 9527953 560 17014.201785714286 True 2007 88123
525134787778850818 15411870 528 29189.147727272728 True 2009 60426
528822281972498432 93617 63560 1.4728917558212713 False 2011 999
545271117355958272 2650100 169 15681.065088757396 True 2011 37579
519530210795216896 2693022 15032 179.15260777009047 True 2008 32554
537006518118273025 3194031 1146 2787.112565445026 True 2008 24609
427831952826449920 1538879 887 1734.925591882751 False 2011 15730
507918114567499776 57435684 120 478630.7 True 2007 186623
510918747188514816 18953917 269 70460.65799256506 True 2007 67253
568075025418317826 18953917 269 70460.65799256506 True 2007 67253
525033697045925888 2908697 1171 2483.942783945346 True 2007 15234
536558567206420480 3194031 1146 2787.112565445026 True 2008 24609
525005886272843776 232988 484 481.3801652892562 True 2009 2445
514098833253748736 1007514 474 2125.5569620253164 True 2007 11182
524699123971534848 11776285 115615 101.85776067119319 True 2007 35703
407217865973329920 44440 476 93.36134453781513 False 2011 390
504387128013246465 7508194 1823 4118.59243006034 True 2008 44745
407179055763836928 7638263 1749 4367.21726700972 True 2009 33566
538408710084001793 666723 3740 178.26818181818183 True 2008 3538
517487705978966016 2436076 2105 1157.2807600950118 True 2010 11850
524928878075457536 2908697 1171 2483.942783945346 True 2007 15234
519131101798100992 2693022 15032 179.15260777009047 True 2008 32554
567596847330373632 UNK UNK UNK UNK UNK UNK
407192027714322432 UNK UNK UNK UNK UNK UNK
515717938025078784 4825 851 5.669800235017626 False 2012 156
509466295344304129 2419931 273 8864.216117216118 True 2008 51182
510906049549705216 UNK UNK UNK UNK UNK UNK
507263441359613953 18953922 269 70460.67657992565 True 2007 67253
407290084593913856 25010 175 142.9142857142857 False 2012 61
565999191982616577 139603 3262 42.79675045984059 True 2009 5010
524685073979678721 15411871 528 29189.14962121212 True 2009 60426
407191144880439298 UNK UNK UNK UNK UNK UNK
552615631246622721 205189 732 280.31284153005464 True 2008 6217
525116411887513602 15411870 528 29189.147727272728 True 2009 60426
519078654635409410 17631030 907 19438.842337375965 True 2007 116978
500278294055768064 15537387 1657 9376.817742908872 True 2007 96031
532231906364911616 6646472 5967 1113.871627283392 True 2008 25722
407234399093022720 UNK UNK UNK UNK UNK UNK
295152287901417472 767602 1256 611.1480891719746 False 2009 12151
407163869673443328 427233 554 771.1787003610108 True 2009 7851
536540403109879809 UNK UNK UNK UNK UNK UNK
407174474207731712 UNK UNK UNK UNK UNK UNK
525029684095221760 235448 8273 28.459809017285146 False 2011 3924
407156621450571777 UNK UNK UNK UNK UNK UNK
525024518713397249 1097 785 1.397452229299363 False 2009 53
524962676665888769 18953923 269 70460.68029739778 True 2007 67253
407167928313081856 1656570 2287 724.3419326628772 True 2009 8021
562387516964491265 60577 85 712.6705882352941 True 2008 2069
516729950091493376 413181 202 2045.450495049505 True 2009 1484
407184707118309376 11776285 115615 101.85776067119319 True 2007 35703
554722567224049664 3076612 627 4906.877192982456 True 2009 23034
517051126466625536 UNK UNK UNK UNK UNK UNK
504131150429061121 UNK UNK UNK UNK UNK UNK
524958128392376320 17631030 907 19438.842337375965 True 2007 116978
534205316620382208 235448 8273 28.459809017285146 False 2011 3924
524935769614331904 18953923 269 70460.68029739778 True 2007 67253
407188779255222273 6646472 5967 1113.871627283392 True 2008 25722
407248574099894272 11776285 115615 101.85776067119319 True 2007 35703
536991428694376448 241625 1201 201.1865112406328 True 2010 2378
407169885345943552 2025 2590 0.7818532818532818 False 2010 14
524961721744900097 1285320 409 3142.591687041565 True 2009 9035
407198255793987584 UNK UNK UNK UNK UNK UNK
407158558158254081 5127932 5772 888.4151074151074 True 2009 11617
552498516225179650 6583987 2907 2264.8734090127277 True 2007 23940
551097831851687938 2439293 258966 9.41935620892318 True 2008 18992
514106939173634048 18953924 269 70460.68401486988 True 2007 67253
436146437530075136 124104 35502 3.4956903836403583 False 2009 652
514098803347951616 235433 8274 28.454556441866085 False 2011 3924
524970097711267841 7173 476 15.069327731092438 True 2012 102
510921017972514817 38465 3622 10.61982330204307 True 2008 1474
566999951449001984 38797 24422 1.5886086315617067 False 2013 564
523581212175392768 286358 1254 228.35566188197768 True 2008 6748
504304227246538752 4071985 628 6484.052547770701 True 2008 34767
532203605236154368 37740 289 130.58823529411765 False 2009 400
529747368087126019 UNK UNK UNK UNK UNK UNK
532276370953752576 7508194 1823 4118.59243006034 True 2008 44745
524941504796962816 2908697 1171 2483.942783945346 True 2007 15234
531648145613398016 618879 2039 303.52084355076016 True 2009 1468
407223928084766721 3224466 2759 1168.7082276187025 True 2008 22615
427944719612915712 15537388 1657 9376.818346409173 True 2007 96031
532197572698320896 5410015 908 5958.166299559472 True 2008 22141
551159366876147714 14002822 7037 1989.885178343044 True 2009 98164
524977992683237376 232988 484 481.3801652892562 True 2009 2445
427725166127226881 7339926 129 56898.651162790695 True 2009 7235
524961908903149568 9527954 560 17014.20357142857 True 2007 88123
514039286845698048 1656570 2287 724.3419326628772 True 2009 8021
407173794583695360 72008 3842 18.742321707444038 True 2009 1673
514142113601437696 47332926 1106 42796.4972875226 True 2007 145472
407205235682050048 UNK UNK UNK UNK UNK UNK
504267796424163328 47332919 1106 42796.49095840868 True 2007 145472
407182466613792768 506521 861 588.2938443670151 True 2008 4615
510916725953417218 11494573 5669 2027.619156817781 True 2008 84667
524951893467234304 2908697 1171 2483.942783945346 True 2007 15234
407232661107642368 5127932 5772 888.4151074151074 True 2009 11617
407237676350185475 27916 191 146.15706806282722 False 2009 44
523888836456108032 724163 1393 519.8585786073223 True 2008 3185
551123464640536576 15411874 528 29189.155303030304 True 2009 60426
407211258304552960 2169689 1175 1846.543829787234 True 2009 11966
524958992330522624 859581 71 12106.774647887323 True 2008 7699
551106793959862272 4071985 628 6484.052547770701 True 2008 34767
508002575858561024 21778372 1114 19549.705565529624 True 2007 123559
407189015582887936 UNK UNK UNK UNK UNK UNK
525300042207612928 2522365 2310 1091.9329004329004 True 2008 13997
518866406512025602 57435690 120 478630.75 True 2007 186623
554958414905094144 3076612 627 4906.877192982456 True 2009 23034
514106273852174337 7508196 1823 4118.593527153044 True 2008 44745
524930671220105216 299714 163 1838.7361963190185 True 2009 2577
536105045545472000 8488 5256 1.6149162861491628 True 2011 240
523939598691741696 UNK UNK UNK UNK UNK UNK
528495998537334785 114262 446 256.19282511210764 True 2014 1902
524949828711620608 18953926 269 70460.69144981413 True 2007 67253
407213757048160256 788 1710 0.4608187134502924 False 2011 1
509463916586762241 17631030 907 19438.842337375965 True 2007 116978
531129816389779456 21741 2525 8.61029702970297 True 2009 813
407218583135997953 569 438 1.2990867579908676 False 2009 4
407169212428206080 UNK UNK UNK UNK UNK UNK
552457656666185728 181273 945 191.82328042328044 True 2013 2031
427780584979836929 8697365 1084 8023.399446494465 True 2009 63160
551120768164462592 7638264 1749 4367.217838765008 True 2009 33566
514148279601606656 9787502 2753 3555.213221939702 True 2007 126058
515519742355185664 8991 3888 2.3125 False 2009 163
563117355254161408 25272707 2648 9544.073640483384 True 2009 50238
519311120914722816 27906 404 69.07425742574257 True 2010 813
407258075502899200 UNK UNK UNK UNK UNK UNK
529434230938284032 7508196 1823 4118.593527153044 True 2008 44745
407279190913069056 1656435 2287 724.2829033668561 True 2009 8020
524929106987991040 214553 268 800.570895522388 True 2009 2905
519275971758026752 46267967 904 51181.37942477876 True 2007 206484
518870005677826050 17631031 907 19438.843439911798 True 2007 116978
499683602452717569 6184 5133 1.204753555425677 False 2008 173
407170443443859456 30312 33340 0.9091781643671266 False 2012 52
407229989902225408 365268 238232 1.5332449041270695 False 2012 528
524291188422356993 1490464 15561 95.7820191504402 True 2009 12965
407236151167025152 60339 44741 1.3486287745021346 False 2012 23
519348106836860929 2693022 15032 179.15260777009047 True 2008 32554
407164247768977409 1025670 552 1858.0978260869565 False 2012 485
527295015643394048 8529610 656 13002.454268292682 True 2007 20599
524946179390701568 2908697 1171 2483.942783945346 True 2007 15234
552568163431247873 15411874 528 29189.155303030304 True 2009 60426
524967711492014080 235448 8273 28.459809017285146 False 2011 3924
407269894938718208 46396 7527 6.1639431380364025 False 2009 71
574062768896212992 15411874 528 29189.155303030304 True 2009 60426
524976980799000578 235448 8273 28.459809017285146 False 2011 3924
555003887753494528 18953930 269 70460.7063197026 True 2007 67253
552661209204260864 15411874 528 29189.155303030304 True 2009 60426
528357165677817856 286358 1254 228.35566188197768 True 2008 6748
509463933564891137 UNK UNK UNK UNK UNK UNK
407170170533064705 803 62 12.951612903225806 False 2012 0
538346377794031618 UNK UNK UNK UNK UNK UNK
407192370040803329 6783257 1200 5652.714166666667 True 2009 19420
524987184836005889 232988 484 481.3801652892562 True 2009 2445
525043936331857923 299714 163 1838.7361963190185 True 2009 2577
517850508380618752 2436077 2105 1157.2812351543944 True 2010 11850
504131654810877952 57435696 120 478630.8 True 2007 186623
427666815842414592 18953931 269 70460.71003717472 True 2007 67253
552706985087361025 6583987 2907 2264.8734090127277 True 2007 23940
524976963862429697 47332937 1106 42796.507233273056 True 2007 145472
514478918636535808 7508198 1823 4118.5946242457485 True 2008 44745
560873850846846978 UNK UNK UNK UNK UNK UNK
516804849619705859 UNK UNK UNK UNK UNK UNK
528341588867416064 249081 3588 69.42056856187291 True 2012 3757
489820657291911168 7509808 513 14639.001949317739 True 2008 52544
532239131540467712 19575 20129 0.9724775199960256 False 2010 320
532281981795848192 321753 2607 123.41887226697354 True 2010 4056
539115704285270017 1037 366 2.8333333333333335 False 2014 17
560133068670140417 UNK UNK UNK UNK UNK UNK
514535408126795776 63651 3837 16.588741204065677 True 2009 3083
516636338679197697 UNK UNK UNK UNK UNK UNK
504419526998360064 593785 1053 563.8983855650522 True 2008 3721
489800427152879616 15537434 1657 9376.846107423054 True 2007 96035
509084603617792001 9061 7522 1.2045998404679608 False 2011 274
568568737621630977 UNK UNK UNK UNK UNK UNK
387031585834278912 55510 1421 39.064039408866996 False 2009 1522
514508854990999553 75027 3634 20.645844799119427 True 2008 1002
489836271049928704 9787504 2753 3555.2139484199056 True 2007 126059
524178388282802176 26032 170 153.12941176470588 True 2013 284
553960736964476928 14830 2049 7.23767691556857 False 2011 762
521098692326350848 27772487 71 391161.78873239434 True 2007 120655
547807913671405568 123788 203 609.7931034482758 False 2013 1410
387030572779847680 178979 1335 134.06666666666666 False 2009 3190
365276206381268995 17631068 907 19438.884233737597 True 2007 116981
495365942726381568 408263 2043 199.83504650024474 True 2013 2551
501768276523761666 7508229 1823 4118.611629182666 True 2008 44748
520284654755381249 9787504 2753 3555.2139484199056 True 2007 126059
561952533942661120 UNK UNK UNK UNK UNK UNK
489796998615547904 209050 2192 95.36952554744525 True 2011 3588
504448356584677377 7392 397 18.61964735516373 False 2009 431
524144369235140608 5511 3 1837.0 False 2013 284
542860306603868160 2188856 17792 123.02473021582733 True 2008 15583
552146635707666433 1062629 11679 90.98630019693466 True 2008 9913
532259028152246272 322891 4824 66.93428689883913 True 2008 1755
531565935128498176 357536 1507 237.25016589250166 True 2012 4534
547158281005719552 441902 4301 102.74401302022785 True 2008 2152
510286132568150016 UNK UNK UNK UNK UNK UNK
455525437351800832 565872 14619 38.707982762158835 True 2009 3041
365497016098369536 3076613 627 4906.878787878788 True 2009 23034
507634536176300032 2300437 2458 935.8978844589096 True 2009 4523
532106726539939841 241625 1201 201.1865112406328 True 2010 2378
535507913226190849 UNK UNK UNK UNK UNK UNK
319166636902998016 85775 12 7147.916666666667 False 2011 358
372489152903643136 287064 939 305.71246006389777 True 2010 2922
534409916560461825 7509831 513 14639.04678362573 True 2008 52546
521533372280369152 5410015 908 5958.166299559472 True 2008 22141
534303066867367937 3194041 1146 2787.121291448517 True 2008 24609
529088963420909569 1070562 190894 5.608149025113414 True 2009 3878
365052155385749505 3076613 627 4906.878787878788 True 2009 23034
489802446001434625 1187728 4243 279.92646712231914 True 2008 6467
553098571323437056 9913 9964 0.9948815736651947 False 2013 273
514517213022543872 3781581 356 10622.418539325843 True 2009 10886
531973383198887936 2014636 737 2733.563093622795 True 2008 11041
555072815154475008 15411909 528 29189.221590909092 True 2009 60430
514555852351479808 805234 706 1140.558073654391 True 2008 6567
531108688749404160 4397 138 31.86231884057971 False 2011 45
514540926640087040 2920763 282 10357.31560283688 True 2009 33105
553040930144792576 11494544 5669 2027.6140412771213 True 2008 84670
514512849876836352 443 404 1.0965346534653466 False 2012 4
531833233143783424 181273 945 191.82328042328044 True 2013 2031
518665533089406976 3076613 627 4906.878787878788 True 2009 23034
436001434212249600 70237 5636 12.46220723917672 False 2010 1192
387041762331471872 24852 664 37.4277108433735 False 2009 379
489975398151618560 3247382 691 4699.539797395079 True 2007 24783
534543768653807618 26055 27084 0.9620070890562694 False 2011 189
515918632178577408 19575 20129 0.9724775199960256 False 2010 320
553136604882014208 2862979 748 3827.5120320855617 True 2008 18547
523098334421319680 112747 430 262.20232558139537 False 2012 42
514062859987595264 263395 1835 143.53950953678475 True 2011 3290
560207034545889281 1846878 4198 439.94235350166747 True 2010 3659
504450741126582275 34643 1047 33.08787010506208 True 2011 258
513015596879867904 2446937 2879647 0.8497350543313121 False 2009 4962
489833932813516800 15537435 1657 9376.846710923355 True 2007 96035
534678919656775680 3194041 1146 2787.121291448517 True 2008 24609
544154048950435840 1635614 11633 140.60122066534856 True 2008 19094
534461459938304001 1409 43 32.76744186046512 False 2014 0
496698590153416704 UNK UNK UNK UNK UNK UNK
523535962962280448 985 252 3.9087301587301586 False 2009 45
489970164469751808 8792 5415 1.6236380424746075 True 2009 207
538847758032310272 6514 714 9.123249299719888 True 2009 363
538729383662338049 1034029 969 1067.109391124871 True 2009 8656
538930446814703616 141987 634 223.95425867507888 True 2009 1861
524211911668543488 583974 718 813.33426183844 True 2007 11939
553103772852191233 2744 808 3.396039603960396 False 2009 114
504433135036407808 790631 211 3747.0663507109007 False 2011 3396
528976109518721024 1485688 139 10688.402877697841 True 2009 20100
549599086073368576 82466 3875 21.281548387096773 True 2009 1745
540643709465812992 UNK UNK UNK UNK UNK UNK
552677176873455616 25489 18226 1.398496653132887 False 2009 500
482880640560271361 766473 1017 753.6607669616519 True 2011 5245
568905632998412288 1133099 971 1166.9402677651906 True 2011 4359
356297080169447425 1321 1521 0.8685075608152532 False 2012 2
506784541696991232 7508229 1823 4118.611629182666 True 2008 44748
386682163862986752 419413 2431 172.52694364459072 True 2008 10553
265953285247209472 12654868 5128 2467.7979719188766 True 2009 11739
524320261667950592 2521780 850 2966.8 True 2009 12440
357300409292959744 506 503 1.0059642147117296 False 2009 18
489798752438583297 UNK UNK UNK UNK UNK UNK
557885928417816576 10501 668 15.720059880239521 True 2012 255
489872500462190593 206296 2362 87.33954276037257 True 2008 6505
514546272972574721 11494583 5669 2027.6209207973188 True 2008 84668
524152657783820288 480442 2745 175.02440801457195 True 2010 573
356310469390245888 28276 18364 1.5397516880853845 False 2009 167
524289058290159616 2862979 748 3827.5120320855617 True 2008 18547
530017051025604609 UNK UNK UNK UNK UNK UNK
387006553124896768 807788 5742 140.6805990943922 True 2009 7813
490141776984825856 47333192 1106 42796.73779385172 True 2007 145474
570405783306944514 11776291 115615 101.85781256757342 True 2007 35703
528240834660298753 UNK UNK UNK UNK UNK UNK
553271856786968576 25489 18226 1.398496653132887 False 2009 500
497073936077959169 5410015 908 5958.166299559472 True 2008 22141
376982539132366848 UNK UNK UNK UNK UNK UNK
489818014364086273 832393 40 20809.825 True 2009 11178
521663202183348224 861818 332 2595.8373493975905 True 2008 6475
490136764619948032 9787504 2753 3555.2139484199056 True 2007 126059
560187970389819392 UNK UNK UNK UNK UNK UNK
520132836594970625 241625 1201 201.1865112406328 True 2010 2378
356437941641416705 11638 6735 1.7279881217520416 False 2009 18
560442390805090307 146574 2 73287.0 True 2008 3102
559863517151784960 1846878 4198 439.94235350166747 True 2010 3659
356268980211687424 4277 2384 1.7940436241610738 False 2010 66
295944137948151809 UNK UNK UNK UNK UNK UNK
377002232257855488 2527841 1 2527841.0 False 2007 8237
554688527435563008 615736 2531 243.2777558277361 True 2008 3316
524227209976745984 UNK UNK UNK UNK UNK UNK
516856061182345216 1087427 70 15534.671428571428 True 2009 3638
524206851450486785 772531 236 3273.436440677966 True 2008 12784
504500863944376321 UNK UNK UNK UNK UNK UNK
543586319168196608 7508231 1823 4118.61272627537 True 2008 44748
532284428542681088 3194041 1146 2787.121291448517 True 2008 24609
534445263528947712 21778422 1114 19549.750448833034 True 2007 123562
514072132301910016 761601 1214 627.3484349258649 True 2007 11434
520630231531802624 4155019 6333 656.0901626401389 True 2008 18096
553115236992290816 3194041 1146 2787.121291448517 True 2008 24609
568589712644026368 46989 1055 44.539336492890996 False 2009 1021
532199717594497024 530480 992 534.758064516129 True 2009 4298
509114008587100160 11776291 115615 101.85781256757342 True 2007 35703
537355288295518210 3703 1357 2.7288135593220337 False 2008 104
436074888638763008 11962 9482 1.2615481965829993 False 2012 83
470025166760980483 243522 201081 1.2110641980097572 False 2009 3237
514495841600811009 17030230 495 34404.50505050505 True 2008 104237
514429381737852929 898252 125 7186.016 True 2008 18816
553190393370923008 2337 1642 1.42326431181486 False 2014 204
553264892799488000 UNK UNK UNK UNK UNK UNK
524191650420367360 6967 374 18.628342245989305 False 2010 297
501774251901198336 11470 2836 4.044428772919605 False 2014 236
514081464171102208 2196371 729 3012.8545953360767 True 2008 10937
539254751343681536 6906 5831 1.1843594580689418 False 2010 281
522553662996901888 UNK UNK UNK UNK UNK UNK
513437031020916738 1230 220 5.590909090909091 False 2014 8
490080544949276672 17631073 907 19438.88974641676 True 2007 116981
387220814531395584 7508232 1823 4118.613274821722 True 2008 44748
450341615979069440 5963952 3901 1528.826454755191 True 2008 21578
534392174876839936 3194041 1146 2787.121291448517 True 2008 24609
91728807081426944 UNK UNK UNK UNK UNK UNK
489836441120145408 12664878 15 844325.2 True 2009 12731
553115168084074497 181273 945 191.82328042328044 True 2013 2031
532206910796468224 2920764 282 10357.31914893617 True 2009 33105
369506008172740608 6858 1414 4.8500707213578504 True 2011 138
358591089462099968 11429404 10 1142940.4 True 2008 72862
539813330983354368 13574 3116 4.35622593068036 False 2011 492
519868410599993344 UNK UNK UNK UNK UNK UNK
552112474913136641 2847657 715 3982.737062937063 True 2008 8541
80084555733803009 9787504 2753 3555.2139484199056 True 2007 126059
514150992552931328 66571 1 66571.0 False 2013 605
550038665653542913 2019103 11102 181.86840208971356 True 2009 18150
489794369487380480 UNK UNK UNK UNK UNK UNK
534337548680978432 3194041 1146 2787.121291448517 True 2008 24609
534364937939062784 3194041 1146 2787.121291448517 True 2008 24609
489812926828924928 47333198 1106 42796.74321880651 True 2007 145474
518981379963777025 15411907 528 29189.217803030304 True 2009 60430
366205297557110784 3076614 627 4906.88038277512 True 2009 23034
532246457609244672 241625 1201 201.1865112406328 True 2010 2378
514517470238240768 2893041 145 19952.006896551724 True 2007 45785
549124560793374720 3194041 1146 2787.121291448517 True 2008 24609
539658034382123008 18699 2907 6.432404540763674 False 2008 767
505611045897924608 2171 47 46.191489361702125 False 2013 51
529857740059860992 69592 34 2046.8235294117646 False 2010 742
554979642210549760 14002851 7037 1989.8892994173655 True 2009 98164
528389559441444864 233286 199240 1.1708793414976912 False 2014 996
387281927427727360 9246 1088 8.498161764705882 True 2011 514
538166788484509696 46108 43845 1.0516136389554112 False 2009 330
491591245152935936 47333192 1106 42796.73779385172 True 2007 145474
387353560356118528 658854 8029 82.05928509154316 True 2007 11167
273278761909239808 11429404 10 1142940.4 True 2008 72862
568580363339091968 5937 1 5937.0 False 2014 109
518620083342835712 43949 5982 7.34687395519893 True 2007 2509
520244836084228096 9787290 2752 3556.4280523255816 True 2007 126053
380140114552188928 11776292 115615 101.85782121697012 True 2007 35703
489867900296368129 9787504 2753 3555.2139484199056 True 2007 126059
505369323922522113 UNK UNK UNK UNK UNK UNK
435998882250899456 UNK UNK UNK UNK UNK UNK
521717368264093696 36827 830 44.36987951807229 True 2009 1024
521789009576476673 127773 350 365.0657142857143 True 2008 884
436089462326849536 3363 4663 0.7212095217671027 False 2012 14
357299879070023680 502473 522 962.5919540229885 True 2009 1813
387050178932654080 58835 30352 1.9384225092250922 False 2008 680
489794696013967360 UNK UNK UNK UNK UNK UNK
501474962935648256 77725155 47 1653726.7021276595 True 2009 119757
506118402466152449 UNK UNK UNK UNK UNK UNK
489798219283857408 209050 2192 95.36952554744525 True 2011 3588
538129041539092480 1034029 969 1067.109391124871 True 2009 8656
570341828479725570 9983 2387 4.182237117720988 False 2010 167
532851585408593920 4102 346 11.855491329479769 True 2009 69
532208816692416512 6583992 2907 2264.875128998968 True 2007 23940
525711899359318016 112747 430 262.20232558139537 False 2012 42
501760566160289794 6698 4421 1.5150418457362587 True 2010 184
539833716852273152 UNK UNK UNK UNK UNK UNK
495583434954514432 23072 81 284.8395061728395 False 2014 965
504652021601800193 32727 773 42.33764553686934 True 2009 540
524168442841010176 3194041 1146 2787.121291448517 True 2008 24609
547803254516490240 616925 580 1063.6637931034484 True 2007 12844
387237225286479872 17976 10060 1.7868787276341949 False 2013 685
553016500492439552 868236 128014 6.7823519302576285 True 2012 6114
569908998717243392 UNK UNK UNK UNK UNK UNK
387233034350514176 12004 601 19.973377703826955 False 2011 296
568571403756294144 UNK UNK UNK UNK UNK UNK
537377960471166976 1034029 969 1067.109391124871 True 2009 8656
428366153149194240 UNK UNK UNK UNK UNK UNK
519867098945044480 2196372 729 3012.855967078189 True 2008 10937
520338188213444608 17631073 907 19438.88974641676 True 2007 116981
489816746405007360 983456 895 1098.8335195530726 True 2013 11737
513922322915282945 152531 75678 2.0155263088348 True 2009 923
514468018970034176 6583992 2907 2264.875128998968 True 2007 23940
387010299536355328 1652459 657 2515.158295281583 True 2011 5225
538975342011363328 296633 1179 251.59711620016964 True 2009 4092
509077805296914432 9061 7522 1.2045998404679608 False 2011 274
489865454312099840 540866 4280 126.37056074766355 True 2008 3597
387021726007042051 91069 444 205.11036036036037 False 2009 1538
387007120689737729 15474 1377 11.237472766884531 True 2009 757
544457299667202048 1804182 866 2083.35103926097 True 2009 14255
519929168864497664 20560 752 27.340425531914892 False 2012 288
551117430345711616 190093 1665 114.16996996996997 True 2014 2638
563123548857053184 UNK UNK UNK UNK UNK UNK
504771233557147648 UNK UNK UNK UNK UNK UNK
372914976102834176 1538882 887 1734.9289740698985 False 2011 15730
501774615837163521 1538882 887 1734.9289740698985 False 2011 15730
538760398003253248 UNK UNK UNK UNK UNK UNK
352075672543428608 443574 821 540.2850182704019 True 2010 6643
534763214106820608 3194041 1146 2787.121291448517 True 2008 24609
551942365901250560 475136 1531 310.3435662965382 True 2008 3370
506656271517622272 UNK UNK UNK UNK UNK UNK
544698560655400961 47333197 1106 42796.74231464738 True 2007 145474
351767344097398785 UNK UNK UNK UNK UNK UNK
521821037726797824 3247681 691 4699.972503617945 True 2007 24783
489841070818488320 3194041 1146 2787.121291448517 True 2008 24609
542600886653292545 5901767 570 10353.977192982456 True 2009 37747
547101266313089024 UNK UNK UNK UNK UNK UNK
505657661120348163 157546 1534 102.70273794002608 True 2010 306
80080680482123777 9787501 2753 3555.2128586996005 True 2007 126059
518192429153783808 81366 5830 13.956432246998284 True 2008 997
542320823915536384 46504 32898 1.4135813727278255 False 2014 391
387006700609228801 249082 3588 69.42084726867336 True 2012 3757
532319110458118144 613888 6471 94.86756297326534 True 2008 2419
377519445578895360 1070563 26966 39.70047467180895 True 2009 4326
561280944045576192 UNK UNK UNK UNK UNK UNK
523123023646175233 2319072 4528 512.1625441696114 True 2008 10433
489794593580650497 209050 2192 95.36952554744525 True 2011 3588
560163341524807680 UNK UNK UNK UNK UNK UNK
543443188934250496 46268068 904 51181.491150442474 True 2007 206488
523123779124600833 42875967 3 14291989.0 True 2007 139973
364383457545162754 21778422 1114 19549.750448833034 True 2007 123562
507557659206516736 515492 897 574.6845039018953 True 2009 3896
489968646014246912 805235 706 1140.5594900849858 True 2008 6567
504453071041482753 746612 259 2882.6718146718144 True 2009 3426
538861627018579968 11930 9564 1.2473860309493936 False 2012 19
521727831307722753 1929949 53 36414.1320754717 False 2010 6418
524186749002473472 7394275 1931 3829.2465044018645 True 2010 19266
554655549896159233 6881 860 8.001162790697675 False 2010 161
519965814175567872 1314201 285 4611.231578947369 True 2008 12070
539052152602107904 UNK UNK UNK UNK UNK UNK
489887806018183168 420408 353 1190.957507082153 False 2010 3604
531900034863091712 563319 523 1077.0917782026768 True 2009 2284
571052823665704960 UNK UNK UNK UNK UNK UNK
523558773345255424 1120 510 2.196078431372549 False 2011 29
376874273601630208 UNK UNK UNK UNK UNK UNK
537378640653475841 1158 853 1.3575615474794842 False 2009 60
348209998565879810 138530 79709 1.7379467814174059 False 2009 2537
557621135320178688 28865 1321 21.850870552611656 True 2010 533
489829414704648192 203192 2517 80.72785061581247 True 2008 781
489796088338341888 209050 2192 95.36952554744525 True 2011 3588
535252460148113409 5410017 908 5958.168502202643 True 2008 22141
273182568298450945 11429405 10 1142940.5 True 2008 72862
511918957255991296 229975 184887 1.2438678760540223 False 2010 1274
554343513887105024 14002855 7037 1989.8898678414098 True 2009 98164
532559937269166080 139950 629 222.4960254372019 True 2008 923
489872119158046720 1007514 474 2125.5569620253164 True 2007 11182
560414522758799361 1846879 4198 439.94259171033826 True 2010 3659
501785003144273921 100240 2767 36.22696060715577 True 2011 1867
553061846081896449 16461477 10 1646147.7 True 2008 12834
521835345059389440 499650 923 541.332611050921 True 2009 2740
334722003057647616 12759348 49375 258.4171746835443 True 2008 54780
531607884220485632 38842 5928 6.552294197031039 True 2008 1759
531568534066057217 2268 96 23.625 False 2013 48
560474897013415936 3680049 444 8288.398648648648 True 2009 6063
524646141938647043 UNK UNK UNK UNK UNK UNK
553008832784642048 583704 1180 494.664406779661 True 2010 4433
558312304753016832 3680049 444 8288.398648648648 True 2009 6063
550095745161134080 1656553 2287 724.334499344119 True 2009 8021
544523550519218176 UNK UNK UNK UNK UNK UNK
740791134146965504 367212 17182 21.371900826446282 True 2009 2627
536915851233202176 281749 1299 216.89684372594303 True 2011 601
522443333831262208 241439 1240 194.70887096774194 True 2011 4675
752965545528528898 7476717 1719 4349.457242582897 True 2008 32001
724603564946010112 1325928 114 11630.947368421053 True 2012 9593
742050150307246080 52261 33112 1.5783099782556174 False 2008 1334
744390771869102080 UNK UNK UNK UNK UNK UNK
531524882325311488 4028343 3 1342781.0 True 2009 21357
500391222075076610 10134 859 11.797438882421421 True 2011 234
652349108653551616 11494583 5669 2027.6209207973188 True 2008 84668
733242244522725376 78307 38187 2.050619320711237 False 2013 588
705093513076015104 235447 8273 28.45968814214916 False 2011 3924
547587399728267264 805128 771 1044.2645914396887 True 2007 4427
522654603675176960 2522372 2310 1091.9359307359307 True 2008 13997
533811170889568256 152531 75678 2.0155263088348 True 2009 923
533734824905670656 7394275 1931 3829.2465044018645 True 2010 19266
727854332188577792 UNK UNK UNK UNK UNK UNK
723521076446142465 766394 1274 601.5651491365777 True 2009 2075
535257207991205888 92773 1459 63.58670322138451 True 2013 560
516727880571572225 934478 283 3302.0424028268553 True 2014 16707
650710483289419776 518611 2 259305.5 False 2012 2483
500413818368184321 185496 137560 1.3484733934283222 False 2010 3131
503498696273965056 3328736 337 9877.554896142434 True 2009 13237
724703995147751424 4071997 628 6484.071656050955 True 2008 34767
514308277803294721 2446937 2879647 0.8497350543313121 False 2009 4962
714531423273746432 35435 3305 10.721633888048412 False 2011 869
520265722967375872 21778426 1114 19549.754039497308 True 2007 123562
517712193841037312 2013220 493 4083.610547667343 True 2012 690
715671763808493569 120057 106530 1.1269783159673332 False 2009 1004
763428684850094080 UNK UNK UNK UNK UNK UNK
728631482722308096 668416 2779 240.52392947103274 True 2012 3972
757450526153900032 405131 417 971.537170263789 True 2007 5403
742571519105077248 UNK UNK UNK UNK UNK UNK
727179214546456577 1325928 114 11630.947368421053 True 2012 9593
655812191233417216 47556 42625 1.115683284457478 False 2010 318
726043971911213057 1325928 114 11630.947368421053 True 2012 9593
516361247223058432 UNK UNK UNK UNK UNK UNK
727187859367546880 186791 57269 3.2616424243482514 False 2009 447
707786906189303808 13506 6 2251.0 False 2016 23
500286058664579072 9787501 2753 3555.2128586996005 True 2007 126059
500295393301647360 UNK UNK UNK UNK UNK UNK
775672628493357057 2138677 2061 1037.6889859291607 True 2009 5614
742114513726623744 254175 67 3793.6567164179105 True 2008 5050
516358319317852160 235447 8273 28.45968814214916 False 2011 3924
522692223952228353 263395 1835 143.53950953678475 True 2011 3290
715268937873760256 11494583 5669 2027.6209207973188 True 2008 84668
757190314880884736 49816 4373 11.391721930025154 False 2012 768
711994705333112832 905784 3052 296.78374836173003 True 2009 15636
524925730053181440 1285335 409 3142.6283618581906 True 2009 9035
516545908813475841 226348 175407 1.2904160039223065 False 2008 2312
524929497205055488 9527971 560 17014.23392857143 True 2007 88124
535282587325833216 25682 2238 11.475424486148347 True 2013 593
531193369465470976 UNK UNK UNK UNK UNK UNK
524937542131793920 3702 318 11.641509433962264 True 2013 58
500270780832174080 116988 317 369.0473186119874 True 2008 4144
652300118205427716 UNK UNK UNK UNK UNK UNK
500281131057811456 UNK UNK UNK UNK UNK UNK
778625026144792577 209935 3943 53.24245498351509 True 2008 5506
525032872647065600 270345 2372 113.97344013490725 True 2012 5062
500307001629745152 UNK UNK UNK UNK UNK UNK
500381163866062848 280496 657 426.9345509893455 True 2008 9338
650952376954650629 148794 3809 39.0637962719874 True 2009 1920
525008463819464704 8735 2141 4.079869219990659 True 2007 512
531526274003771392 9527972 560 17014.235714285714 True 2007 88124
516411927506206721 663556 5794 114.52468070417673 True 2009 9010
742055437932040193 UNK UNK UNK UNK UNK UNK
716092408920936448 UNK UNK UNK UNK UNK UNK
701975210044497921 39335 3430 11.46793002915452 True 2010 676
500278045597368320 3076614 627 4906.88038277512 True 2009 23034
757748522481491968 188773 82779 2.280445523623141 False 2011 1129
755548076438196225 UNK UNK UNK UNK UNK UNK
553579224402235393 10375606 370 28042.17837837838 True 2007 41727
763738618573623297 UNK UNK UNK UNK UNK UNK
763524712853102596 108031 97684 1.1059231808689243 False 2010 403
537976883150077952 3076614 627 4906.88038277512 True 2009 23034
724661834419048448 1133 370 3.062162162162162 False 2012 44
715515982584881152 1139703 715 1593.9902097902097 True 2009 8693
531300385248800768 2055723 2360 871.0690677966102 True 2008 23370
640118021101604864 2920764 282 10357.31914893617 True 2009 33105
751856580874960897 3818 1183 3.227387996618766 False 2010 72
516475930097643520 75228 963 78.11838006230529 False 2011 856
503714147138166784 17506 301 58.159468438538205 False 2008 262
500298752469770240 74894 69256 1.0814081090447036 False 2010 1503
510507736287961088 2055723 2360 871.0690677966102 True 2008 23370
547525843749470208 11776293 115615 101.85782986636683 True 2007 35703
516390549012480001 79147 913 86.68893756845564 True 2009 1232
714998347111669760 11815519 1460 8092.821232876712 True 2010 22464
716416753409081344 51942 24479 2.1219004044282856 False 2009 1926
521922785254580225 402092 7 57441.71428571428 True 2012 2233
728038172270198787 293994 1036 283.77799227799227 False 2012 1263
539799806039052288 499650 923 541.332611050921 True 2009 2740
730516765525082112 254169 67 3793.5671641791046 True 2008 5048
747443219487678464 241699 31884 7.580573328315142 True 2011 3236
723511860516016128 545898 14344 38.057585052983825 True 2009 6356
500294803402137600 7508234 1823 4118.614371914427 True 2008 44748
707405809181917184 3726717 265 14063.083018867925 True 2007 27691
538010064591028224 5270 15 351.3333333333333 False 2013 91
653285570383335424 215193 4907 43.854289790095784 True 2014 258
732971411157880832 UNK UNK UNK UNK UNK UNK
763896522790440960 UNK UNK UNK UNK UNK UNK
730939370765754368 UNK UNK UNK UNK UNK UNK
580325090367315968 619245 591 1047.791878172589 True 2010 5238
778530869208190976 11758 5125 2.294243902439024 False 2016 151
755523157700648960 121605 1272 95.60141509433963 False 2015 104
716448280201269248 9023 4255 2.120564042303173 False 2015 92
640182854928961536 3194041 1146 2787.121291448517 True 2008 24609
500319801344929795 545898 14344 38.057585052983825 True 2009 6356
532928419051622400 42875975 3 14291991.666666666 True 2007 139974
544287209730236416 92773 1459 63.58670322138451 True 2013 560
553538058440941568 14002856 7037 1989.8900099474208 True 2009 98164
500284699546517505 121405 4959 24.48175035289373 True 2011 2008
778681502825451520 382440 769 497.3211963589077 True 2010 5318
521788572933062657 UNK UNK UNK UNK UNK UNK
521772674155286528 66934 58370 1.1467192050710981 False 2009 670
516682897864916992 898252 125 7186.016 True 2008 18816
516386101766782976 UNK UNK UNK UNK UNK UNK
553550301886955520 21778428 1114 19549.755834829444 True 2007 123563
652982112870662144 11494584 5669 2027.6210971952726 True 2008 84668
742012307694223361 241699 31884 7.580573328315142 True 2011 3236
544328894812549121 3076614 627 4906.88038277512 True 2009 23034
663744139666804736 117465 80988 1.4504000592680397 True 2013 1685
715253497462145024 1007514 474 2125.5569620253164 True 2007 11182
531525016794697729 14002856 7037 1989.8900099474208 True 2009 98164
500378522788315137 17631080 907 19438.897464167585 True 2007 116981
740748123581087745 28757 7228 3.9785556170448255 True 2009 1083
576829262927413248 31143 17378 1.7920934514903901 False 2009 608
500280422295937024 781625 6720 116.31324404761905 True 2009 5840
499366666300846081 420408 353 1190.957507082153 False 2010 3604
722885778448121857 254175 67 3793.6567164179105 True 2008 5050
732004388181434368 1014286 155 6543.7806451612905 True 2009 10150
716451800581279744 UNK UNK UNK UNK UNK UNK
552816020403269632 5173 1988 2.602112676056338 False 2010 162
656361703664451585 19361 1666 11.62124849939976 True 2011 365
778572032531427332 209935 3943 53.24245498351509 True 2008 5506
556541489388724224 4975763 19406 256.4033288673606 True 2008 8855
676586804242309121 1635613 11633 140.6011347030001 True 2008 19094
701175292937707520 UNK UNK UNK UNK UNK UNK
522453569702989824 446478 383334 1.1647231917857535 False 2012 2622
516394449065496577 934478 283 3302.0424028268553 True 2014 16707
527131140721623040 UNK UNK UNK UNK UNK UNK
544333764814323713 UNK UNK UNK UNK UNK UNK
500327106824245249 192754 1587 121.4580970384373 True 2009 3120
500363126294863876 UNK UNK UNK UNK UNK UNK
522684367647559681 3194041 1146 2787.121291448517 True 2008 24609
727982226290442240 1016650 2774 366.492429704398 True 2009 5485
655432919595548672 65803 1697 38.77607542722451 False 2014 216
715255507506892800 1007514 474 2125.5569620253164 True 2007 11182
525327108520673281 2862979 748 3827.5120320855617 True 2008 18547
728101712762834944 139 153 0.9084967320261438 False 2013 0
727116900983934976 126931 14587 8.701652156029342 True 2008 2314
549964632883232768 1656553 2287 724.334499344119 True 2009 8021
723772395211862016 4067013 977 4162.756397134084 True 2008 15036
525285199530455040 1187729 4243 279.92670280461937 True 2008 6467
516705572373397504 1057005 373 2833.793565683646 True 2010 5127
705092738224525312 235447 8273 28.45968814214916 False 2011 3924
728273551883534336 252657 18 14036.5 False 2013 154
553467311261503488 16488 1035 15.930434782608696 False 2009 664
500279160795721728 25553 24423 1.0462678622609836 False 2009 400
524924619812511746 1285336 409 3142.6308068459657 True 2009 9035
553575232867672064 14002856 7037 1989.8900099474208 True 2009 98164
755475529294352385 13192 8710 1.5145809414466131 False 2015 146
521882110789824512 UNK UNK UNK UNK UNK UNK
758825535480864769 UNK UNK UNK UNK UNK UNK
727966590084485120 11494584 5669 2027.6210971952726 True 2008 84668
716461257025581056 56765 1970 28.814720812182742 False 2015 482
707321278135463936 217940 2323 93.81833835557468 True 2008 5299
524993533212897281 928287 330 2812.990909090909 True 2010 4785
766808183696351233 UNK UNK UNK UNK UNK UNK
714598641827246081 223683 981 228.01529051987768 True 2009 2201
724320681517670400 18954014 269 70461.0185873606 True 2007 67254
523545090099523584 4812 1403 3.429793300071276 True 2011 138
760120409429643266 2235951 97 23051.0412371134 True 2009 3139
500347114975944705 UNK UNK UNK UNK UNK UNK
526757033186697216 210162 535 392.82616822429907 False 2010 4000
538193964479045633 478411 6745 70.92824314306894 True 2007 1679
531493734358061056 UNK UNK UNK UNK UNK UNK
580320684305416192 58022 2435 23.828336755646816 True 2009 1786
716424773216022530 UNK UNK UNK UNK UNK UNK
553461741917863936 27772509 71 391162.0985915493 True 2007 120655
499456140044824576 7362 2107 3.4940673943996203 True 2008 410
712223438698627073 905784 3052 296.78374836173003 True 2009 15636
516435293235183617 28800 4120 6.990291262135922 True 2009 1290
531606992788287489 18954019 269 70461.03717472119 True 2007 67254
550284252672450560 11776293 115615 101.85782986636683 True 2007 35703
707420972173955072 1635613 11633 140.6011347030001 True 2008 19094
499612545909415938 663960 93 7139.354838709677 True 2010 3306
726086935903494144 668416 2779 240.52392947103274 True 2012 3972
723365789378584578 1734916 509 3408.4793713163067 True 2009 4220
516414874348298240 13370 1047 12.76981852913085 True 2011 435
500290456845299714 32465 214 151.70560747663552 False 2013 447
501934077612941312 411228 1347 305.29175946547883 True 2009 5396
727588444000526336 UNK UNK UNK UNK UNK UNK
651044059222556674 104755 981 106.78389398572885 True 2010 1302
500280838710247424 UNK UNK UNK UNK UNK UNK
780436430732525569 28105 826 34.02542372881356 True 2008 489
755447443009916929 721016 687 1049.513828238719 True 2007 7345
553228463998783488 147265 763 193.0078636959371 True 2010 1666
516345893139001346 58703 1733 33.87362954414311 True 2007 876
553501357156876290 42875991 3 14291997.0 True 2007 139974
756282236375277568 1797127 661 2718.800302571861 True 2008 32531
531530591427391488 17030236 495 34404.51717171717 True 2008 104237
500371149713178625 192754 1587 121.4580970384373 True 2009 3120
714755546285477888 225462 915 246.40655737704918 True 2011 1256
727623131494387714 43062 27880 1.54454806312769 False 2015 49
726190016435728385 1325929 114 11630.956140350878 True 2012 9593
544514570367168512 18954019 269 70461.03717472119 True 2007 67254
553474188259102720 7508236 1823 4118.615469007131 True 2008 44748
707308274270539777 UNK UNK UNK UNK UNK UNK
550279538278543360 3738321 65722 56.88081616505888 True 2009 14810
500394061887709184 237523 1760 134.95625 True 2008 3421
714503380476026880 10959 165 66.41818181818182 False 2009 256
707305999971921920 323135 201622 1.6026772872008015 False 2013 1082
707300612862566400 641939 9584 66.9802796327212 True 2009 7533
524970851675176960 UNK UNK UNK UNK UNK UNK
535148463609356288 1635613 11633 140.6011347030001 True 2008 19094
544306719686656000 52257 251 208.19521912350598 True 2008 1979
714560810266132480 1814790 199 9119.547738693467 True 2008 16588
723644048867774464 4067013 977 4162.756397134084 True 2008 15036
500258409988763649 4071997 628 6484.071656050955 True 2008 34767
552848620375261184 1797127 661 2718.800302571861 True 2008 32531
498280126254428160 290171 950 305.4431578947368 True 2009 3969
531733274968989696 27772512 71 391162.1408450704 True 2007 120655
717081129627553792 UNK UNK UNK UNK UNK UNK
576319832800555008 156503 533 293.6266416510319 True 2011 3112
748640007934590976 47333243 1106 42796.78390596745 True 2007 145474
550175324634619904 555002 9218 60.2085050987199 True 2008 2671
714851393861881857 23635 534 44.260299625468164 False 2015 159
778949749156245504 UNK UNK UNK UNK UNK UNK
550131732805328896 1325277 2587 512.2833397758021 True 2008 3958
500288349924782080 UNK UNK UNK UNK UNK UNK
707412869860696064 3726721 265 14063.098113207547 True 2007 27691
531531382611513344 235447 8273 28.45968814214916 False 2011 3924
701539698452393986 46268085 904 51181.50995575221 True 2007 206488
549920761423863808 1352738 4778 283.11804102134784 True 2012 13065
748558349139058688 101575 7029 14.450846493100014 False 2011 620
553549686129561600 3076614 627 4906.88038277512 True 2009 23034
658938136299511808 2862979 748 3827.5120320855617 True 2008 18547
765735409984806912 121395 6463 18.7830728763732 True 2008 2332
651786568592658433 14729 222 66.34684684684684 True 2010 219
714555825122107392 1775 3823 0.4642950562385561 False 2009 116
723477822950395904 3076613 627 4906.878787878788 True 2009 23034
531287426858487808 39901 757 52.709379128137385 False 2010 427
745236050407194624 382440 769 497.3211963589077 True 2010 5318
774833492865593344 25670 1283 20.00779423226812 False 2015 106
511330322831507456 1480673 5792 255.64105662983425 True 2009 6602
731166399389962242 UNK UNK UNK UNK UNK UNK
714811995573325828 UNK UNK UNK UNK UNK UNK
743126914794037248 29712 5 5942.4 False 2013 39
658755852199927808 382440 769 497.3211963589077 True 2010 5318
522815405451407360 739664 11087 66.71453053125282 True 2011 2085
531498841158082562 381514 1813 210.43243243243242 True 2009 10488
531131094276382720 UNK UNK UNK UNK UNK UNK
745365403237376000 UNK UNK UNK UNK UNK UNK
553212962044149761 9527975 560 17014.241071428572 True 2007 88124
650975967146602496 1578602 3305 477.64054462934945 True 2009 16833
547670441754914816 11776294 115615 101.85783851576353 True 2007 35703
765887221736046592 UNK UNK UNK UNK UNK UNK
728625967921401856 665270 30364 21.90982742721644 True 2007 11631
553505242554175489 10375618 370 28042.21081081081 True 2007 41727
549975297160802304 45722 2009 22.75858636137382 True 2009 747
553164985460068352 5938529 28 212090.32142857142 True 2007 26680
742678930516123650 UNK UNK UNK UNK UNK UNK
729647367457230850 15946739 5295 3011.6598677998113 True 2009 59075
757367391202471937 1797127 661 2718.800302571861 True 2008 32531
516313006427602944 UNK UNK UNK UNK UNK UNK
516861311725342722 9787501 2753 3555.2128586996005 True 2007 126059
552810448324943872 3076613 627 4906.878787878788 True 2009 23034
556873675941896193 4975763 19406 256.4033288673606 True 2008 8855
500303431928922113 1139703 715 1593.9902097902097 True 2009 8693
549927969032916993 181273 945 191.82328042328044 True 2013 2031
727172374999666688 2246113 1181 1901.87383573243 True 2010 13212
503609826128044032 60524 60 1008.7333333333333 False 2010 1153
538137715293061120 3076613 627 4906.878787878788 True 2009 23034
728013148788154368 255842 16436 15.565952786566074 True 2007 3310
763430916236640256 12765 4644 2.748708010335917 False 2016 28
701514249269542912 46268083 904 51181.50774336283 True 2007 206488
780882510645370880 161936 2161 74.9356779268857 True 2007 2543
521777301470871553 36785 277 132.79783393501805 False 2014 398
524932056560963584 25527 9930 2.5706948640483382 True 2009 584
653432177632387072 11776295 115615 101.85784716516024 True 2007 35703
697992796565741569 1184 435 2.72183908045977 False 2010 29
516395112201736192 UNK UNK UNK UNK UNK UNK
516371936604352513 332373 837 397.10035842293905 True 2009 5877
516539137646542848 934478 283 3302.0424028268553 True 2014 16707
747275598347837440 UNK UNK UNK UNK UNK UNK
516377014790782977 7289 1099 6.632393084622384 True 2012 200
500354773133299713 2196377 729 3012.8628257887517 True 2008 10937
725983128444129280 188910 28625 6.599475982532751 False 2009 1306
499368931367608320 19178 22322 0.8591524056984141 False 2008 237
522534012544638976 2893040 145 19952.0 True 2007 45785
778689027918618625 8153468 70188 116.16612526357783 True 2007 68140
766789709045518336 UNK UNK UNK UNK UNK UNK
553548567420628992 38060 2694 14.127691165553081 True 2012 859
749286768554438658 47333241 1106 42796.782097649186 True 2007 145474
764368020391223296 12765 4644 2.748708010335917 False 2016 28
707310135291416576 231465 582 397.7061855670103 True 2008 2788
500308076004929537 32465 214 151.70560747663552 False 2013 447
