693196937172951040 35285833 319 110613.89655172414 True 2007 60868
767803368081358848 15411907 528 29189.217803030304 True 2009 60431
693935557009801218 18954576 269 70463.10780669145 True 2007 67258
693691456222052352 11776276 115615 101.85768282662285 True 2007 35705
693827886021767169 12952285 229 56560.196506550215 True 2009 61527
690969315470868480 9527970 560 17014.23214285714 True 2007 88122
688755462783782912 12952285 229 56560.196506550215 True 2009 61527
692368829368918017 42875967 3 14291989.0 True 2007 139979
767561970182598657 35285833 319 110613.89655172414 True 2007 60868
693840291992838147 47334983 1106 42798.357142857145 True 2007 145487
689915847939219456 12952285 229 56560.196506550215 True 2009 61527
689890946683576322 12952285 229 56560.196506550215 True 2009 61527
672102358516670465 144240 653 220.88820826952528 True 2008 7232
693128224960856064 47334978 1106 42798.35262206148 True 2007 145487
693761289601060864 42875969 3 14291989.666666666 True 2007 139979
687274510643511296 583971 718 813.3300835654596 True 2007 11939
689641419825242112 12952285 229 56560.196506550215 True 2009 61527
688004802245214208 583971 718 813.3300835654596 True 2007 11939
693141729529184256 12952285 229 56560.196506550215 True 2009 61527
692023855926374400 57436071 120 478633.925 True 2007 186634
688751061503442944 12952285 229 56560.196506550215 True 2009 61527
690650123358093312 42875971 3 14291990.333333334 True 2007 139979
693087220459270144 42875971 3 14291990.333333334 True 2007 139979
693897857376632832 11429273 10 1142927.3 True 2008 72865
692498490249891842 12952285 229 56560.196506550215 True 2009 61527
665309822208729088 UNK UNK UNK UNK UNK UNK
676955015265837056 2863478 98600 29.041359026369168 True 2007 31354
693071538896162816 11429273 10 1142927.3 True 2008 72865
693167683701968896 12952285 229 56560.196506550215 True 2009 61527
692701223326056449 35285832 319 110613.8934169279 True 2007 60868
693185853867294721 47334978 1106 42798.35262206148 True 2007 145487
692393375891361794 12952285 229 56560.196506550215 True 2009 61527
692691444046372865 57436071 120 478633.925 True 2007 186634
693939356390653952 35285832 319 110613.8934169279 True 2007 60868
693555965019492352 57436071 120 478633.925 True 2007 186634
692163879909064704 15840545 31412 504.28323570609956 True 2007 31550
676491949524713473 1092053 3921 278.5138995154297 True 2007 9144
693606934050684928 11776278 115615 101.85770012541626 True 2007 35705
693804277031157761 35285833 319 110613.89655172414 True 2007 60868
692082861525078017 583971 718 813.3300835654596 True 2007 11939
690580180805509121 725547 936 775.1570512820513 True 2010 5455
693265096278163456 15411910 528 29189.223484848484 True 2009 60431
692833140428017664 35285834 319 110613.89968652038 True 2007 60868
767092161716350980 57436071 120 478633.925 True 2007 186634
767855091109863424 18954578 269 70463.11524163569 True 2007 67258
693060960001597440 47334992 1106 42798.365280289334 True 2007 145487
693466451081060353 47334983 1106 42798.357142857145 True 2007 145487
693857551620968448 11776278 115615 101.85770012541626 True 2007 35705
693321561542127616 57436071 120 478633.925 True 2007 186634
688366079396163584 42875973 3 14291991.0 True 2007 139979
687748306571804672 11776278 115615 101.85770012541626 True 2007 35705
692874200927698945 9527970 560 17014.23214285714 True 2007 88122
692884886374318081 35285833 319 110613.89655172414 True 2007 60868
692410832307818497 4152090 1505 2758.863787375415 True 2007 41084
681824512120324096 1196527 462 2589.8852813852814 True 2009 13794
693119705469587456 15411910 528 29189.223484848484 True 2009 60431
693471161313816576 15538308 1657 9377.373566686783 True 2007 96041
693129259334909952 11429272 10 1142927.2 True 2008 72865
693811101146963968 4152090 1505 2758.863787375415 True 2007 41084
763964234774347776 1795926 964 1862.9937759336099 True 2008 20699
691719802499432448 578201 650 889.54 True 2007 7342
689938201193115648 12952285 229 56560.196506550215 True 2009 61527
656848877463560192 191114 222 860.8738738738739 True 2008 4568
681199637387149313 1111209 2358 471.25063613231555 True 2007 14462
766541461189832704 42875974 3 14291991.333333334 True 2007 139979
691608761128067072 4408107 2535 1738.898224852071 True 2008 20408
691632238035886081 42875975 3 14291991.666666666 True 2007 139979
688446106943008768 11776278 115615 101.85770012541626 True 2007 35705
687984820815851521 11776278 115615 101.85770012541626 True 2007 35705
641666167992647681 2510069 22017 114.00594994776763 True 2007 30796
693843042546106369 12952285 229 56560.196506550215 True 2009 61527
767861179951648768 18954579 269 70463.1189591078 True 2007 67258
767710042816602112 18954580 269 70463.12267657992 True 2007 67258
692748411481780224 42875975 3 14291991.666666666 True 2007 139979
693573781730783232 35285836 319 110613.90595611285 True 2007 60868
693466724822323200 7510041 513 14639.456140350878 True 2008 52552
689267711856263168 42875975 3 14291991.666666666 True 2007 139979
692753210692476928 42875975 3 14291991.666666666 True 2007 139979
693441093048766464 35285837 319 110613.90909090909 True 2007 60868
693200309955469312 6316147 339 18631.702064896755 True 2008 38772
693476774462820352 21778663 1114 19549.966786355475 True 2007 123573
692796451987034113 11429272 10 1142927.2 True 2008 72865
693140340367187969 35285837 319 110613.90909090909 True 2007 60868
690680149164085248 42875976 3 14291992.0 True 2007 139979
692071267189395457 12952285 229 56560.196506550215 True 2009 61527
692940257134653441 35285837 319 110613.90909090909 True 2007 60868
693586539562037248 35285837 319 110613.90909090909 True 2007 60868
692758581494599681 57436075 120 478633.9583333333 True 2007 186634
767709416879644672 46268827 904 51182.33075221239 True 2007 206479
765612862681255936 1092053 3921 278.5138995154297 True 2007 9144
693853310479155200 11494647 5669 2027.632210266361 True 2008 84671
691678576018657281 1125655 465 2420.7634408602153 True 2008 6685
693648675772436480 2169701 1175 1846.5540425531915 True 2009 11966
691995324752252930 11429273 10 1142927.3 True 2008 72865
766822417712963584 11776278 115615 101.85770012541626 True 2007 35705
692845716826300418 12952285 229 56560.196506550215 True 2009 61527
692082592380751874 15840545 31412 504.28323570609956 True 2007 31550
693041285087756288 27772987 71 391168.8309859155 True 2007 120668
766323684076322816 57436075 120 478633.9583333333 True 2007 186634
691789524498845699 9527970 560 17014.23214285714 True 2007 88122
693171092555431936 3586622 6924 517.9985557481225 True 2008 33386
692540218310803456 57436075 120 478633.9583333333 True 2007 186634
692665281362202624 578201 650 889.54 True 2007 7342
692803280238419971 9527970 560 17014.23214285714 True 2007 88122
693135382309896192 21778664 1114 19549.967684021543 True 2007 123573
692157602554343424 15840545 31412 504.28323570609956 True 2007 31550
693844030589902848 15840545 31412 504.28323570609956 True 2007 31550
692150118921957376 11429273 10 1142927.3 True 2008 72865
692929779696275456 57436075 120 478633.9583333333 True 2007 186634
693086478667112448 4071953 628 6484.001592356688 True 2008 34768
692550140754841603 35285839 319 110613.91536050157 True 2007 60868
692752491482615808 57436076 120 478633.9666666667 True 2007 186634
723025600810766336 11776278 115615 101.85770012541626 True 2007 35705
761573188543229952 12952285 229 56560.196506550215 True 2009 61527
764497123530375169 42875976 3 14291992.0 True 2007 139979
767807335691653120 3586623 6924 517.9987001733102 True 2008 33386
693826104633737217 6316147 339 18631.702064896755 True 2008 38772
693181857261719553 35285839 319 110613.91536050157 True 2007 60868
692820029159653377 6316147 339 18631.702064896755 True 2008 38772
692083780123783172 3445982 513 6717.313840155945 True 2007 38060
693080409282846720 47334993 1106 42798.36618444846 True 2007 145487
693858804279201794 46268833 904 51182.33738938053 True 2007 206479
693534670428971008 27772988 71 391168.8450704225 True 2007 120668
693648684857323521 11776278 115615 101.85770012541626 True 2007 35705
693818562981421056 35285839 319 110613.91536050157 True 2007 60868
693893182338289664 15840545 31412 504.28323570609956 True 2007 31550
692014905239666688 57436077 120 478633.975 True 2007 186634
688819658057740290 42875977 3 14291992.333333334 True 2007 139979
693061713042771968 27772988 71 391168.8450704225 True 2007 120668
689867195657101312 4408108 2535 1738.8986193293886 True 2008 20408
767541796410839040 UNK UNK UNK UNK UNK UNK
693571567377342466 15411911 528 29189.22537878788 True 2009 60431
693013768738115584 42875976 3 14291992.0 True 2007 139979
692743102432346113 UNK UNK UNK UNK UNK UNK
693906624776245249 12952285 229 56560.196506550215 True 2009 61527
688428083540553728 4408108 2535 1738.8986193293886 True 2008 20408
688741019979001856 42875976 3 14291992.0 True 2007 139979
692516224245235712 12952285 229 56560.196506550215 True 2009 61527
692106491365605376 1795926 964 1862.9937759336099 True 2008 20699
767459987476054016 35285839 319 110613.91536050157 True 2007 60868
693857080193761285 15411912 528 29189.227272727272 True 2009 60431
693651239486263296 57436077 120 478633.975 True 2007 186634
692826642583019521 583971 718 813.3300835654596 True 2007 11939
693076140278153217 35285839 319 110613.91536050157 True 2007 60868
688021039322894336 42875976 3 14291992.0 True 2007 139979
692078399012130816 11429274 10 1142927.4 True 2008 72865
672553813249826816 1092053 3921 278.5138995154297 True 2007 9144
767698691205410816 18954584 269 70463.1375464684 True 2007 67258
723198441690636288 11776278 115615 101.85770012541626 True 2007 35705
692758050378256388 6316148 339 18631.705014749263 True 2008 38772
644329878876237824 565573 13 43505.61538461538 True 2010 8553
688752927381581824 12952285 229 56560.196506550215 True 2009 61527
767814876433571840 18954585 269 70463.14126394052 True 2007 67258
687409983139495939 583971 718 813.3300835654596 True 2007 11939
682996350909157376 772531 236 3273.436440677966 True 2008 12785
765359928361922560 3445982 513 6717.313840155945 True 2007 38060
692630756548591616 42875976 3 14291992.0 True 2007 139979
692797856386777089 35285839 319 110613.91536050157 True 2007 60868
693771953648373760 24647299 125 197178.392 True 2007 115823
762793077509464064 12952285 229 56560.196506550215 True 2009 61527
692911086920667136 35285839 319 110613.91536050157 True 2007 60868
690376107825192960 12952285 229 56560.196506550215 True 2009 61527
686666933949837312 3155034 1254 2515.976076555024 True 2007 33217
693641113693884416 35285839 319 110613.91536050157 True 2007 60868
544324444773433348 9787365 2753 3555.163458045768 True 2007 126058
524941132237910016 1631 2059 0.7921321029626032 True 2009 81
544271284796784640 UNK UNK UNK UNK UNK UNK
525028734991343617 1915257 369 5190.3983739837395 True 2009 6922
524947674164760577 UNK UNK UNK UNK UNK UNK
615840865815298048 108938 45194 2.410452714962163 False 2015 872
614594259900080128 3726855 265 14063.603773584906 True 2007 27692
524936872666353664 1285603 409 3143.283618581907 True 2009 9036
641972184412327937 229310 109365 2.0967402733964247 False 2012 1409
524925215235911680 1836070 586 3133.2252559726962 True 2007 14505
524952883343925249 42875981 3 14291993.666666666 True 2007 139979
676367888543031296 206293 2362 87.33827265029636 True 2008 6504
524925050739490816 2908960 1171 2484.1673783091373 True 2007 15239
544518335019229184 7042 2025 3.4775308641975307 False 2012 246
524962142563610625 1162 728 1.5961538461538463 False 2012 42
649903655160815616 47335001 1106 42798.373417721516 True 2007 145487
614618682543616000 3445982 513 6717.313840155945 True 2007 38060
544269749405097984 540878 4280 126.37336448598131 True 2008 3597
614607711368519680 1125655 465 2420.7634408602153 True 2008 6685
544512108885725184 119884 242 495.3884297520661 True 2010 1096
553587303172833280 57436079 120 478633.99166666664 True 2007 186634
544382892378714113 1352629 4778 283.09522812892425 True 2012 13067
544319832486064128 14003090 7037 1989.9232627540146 True 2009 98162
544358564484378624 15411911 528 29189.22537878788 True 2009 60431
614608936491188225 3224472 2759 1168.710402319681 True 2008 22619
544291965513134080 31002 1805 17.17562326869806 True 2009 388
641082932740947972 46268833 904 51182.33738938053 True 2007 206480
500378223977721856 548795 3755 146.15046604527296 True 2008 4923
614594667225571328 144607 42920 3.3692218080149114 True 2012 1572
544314234541469696 9787366 2753 3555.1638212858697 True 2007 126058
544380742076088320 13420 1120 11.982142857142858 True 2009 178
553590835850514433 5938607 28 212093.10714285713 True 2007 26677
553587672137334785 4028287 3 1342762.3333333333 True 2009 21351
544512676643500033 461730 15492 29.804415182029434 True 2008 4442
675490515748425728 622258 430 1447.1116279069768 False 2011 1034
614609560658161664 141476 249 568.1767068273092 True 2008 4238
544291804057960448 UNK UNK UNK UNK UNK UNK
681147789653356544 5410074 908 5958.231277533039 True 2008 22143
615689290706595840 2236201 97 23053.618556701033 True 2009 3139
552802654641225728 114262 446 256.19282511210764 True 2014 1902
553534838880608256 1849396 675 2739.8459259259257 True 2011 22879
544282005941530624 1635599 11633 140.5999312301212 True 2008 19099
614595106906226688 7236 1291 5.604957397366382 True 2009 418
544274934835707905 27772989 71 391168.8591549296 True 2007 120668
614610364702044164 4152090 1505 2758.863787375415 True 2007 41084
544367462012432384 18954588 269 70463.15241635688 True 2007 67258
552792802309181440 136692 341 400.85630498533726 True 2012 3641
614467824313106432 UNK UNK UNK UNK UNK UNK
616421546702336000 9787366 2753 3555.1638212858697 True 2007 126058
524966904885428226 3076574 627 4906.81658692185 True 2009 23033
614593386188828672 15411914 528 29189.23106060606 True 2009 60431
614604580601597953 3726855 265 14063.603773584906 True 2007 27692
649881917534433280 46268836 904 51182.3407079646 True 2007 206479
544520273718812672 72810 1017 71.59292035398231 True 2009 275
552783667052167168 408995 1101 371.47593097184375 True 2009 7980
552791196247269378 10375318 370 28041.4 True 2007 41730
623599854661541888 1139736 715 1594.0363636363636 True 2009 8693
649889459836710912 46268836 904 51182.3407079646 True 2007 206480
552834961762709505 3076574 627 4906.81658692185 True 2009 23033
544358533819420672 10375318 370 28041.4 True 2007 41730
651018580989972480 96996 4159 23.321952392402018 False 2008 1664
552791578893619200 8697777 1084 8023.779520295203 True 2009 63166
614605997953404929 14003090 7037 1989.9232627540146 True 2009 98162
525019752507658240 UNK UNK UNK UNK UNK UNK
544277117039837184 461730 15492 29.804415182029434 True 2008 4442
544504183341064192 1614336 195 8278.646153846154 True 2009 3941
525025279803424768 8734 2141 4.079402148528725 True 2007 512
524944399890124801 1285603 409 3143.283618581907 True 2009 9036
614610102927147008 49178 651 75.54224270353302 False 2011 1213
614628865353351168 10375318 370 28041.4 True 2007 41730
552793679082311680 2862965 748 3827.493315508021 True 2008 18553
553589051044151296 136692 341 400.85630498533726 True 2012 3641
544350712365207552 200158 14561 13.746171279445093 True 2007 2572
614594195479752704 1007486 474 2125.4978902953585 True 2007 11185
552792544132997121 3194032 1146 2787.113438045375 True 2008 24605
544381485591982083 11777 953 12.35781741867786 True 2012 219
649985459389661184 46268837 904 51182.34181415929 True 2007 206480
524995771587108864 53714 1163 46.18572656921754 True 2009 415
614645853291155457 3726855 265 14063.603773584906 True 2007 27692
615494435074363392 249797 11 22708.81818181818 False 2012 207
553587013409325058 1849396 675 2739.8459259259257 True 2011 22879
544283772569788416 5938607 28 212093.10714285713 True 2007 26677
524959809402331137 57436084 120 478634.0333333333 True 2007 186634
544517264054423552 119884 242 495.3884297520661 True 2010 1096
544491151118860289 235448 8273 28.459809017285146 False 2011 3925
553476880339599360 3076574 627 4906.81658692185 True 2009 23033
544374511194632192 15411916 528 29189.234848484848 True 2009 60431
614620298877513729 15411916 528 29189.234848484848 True 2009 60431
498430783699554305 290164 950 305.4357894736842 True 2009 3968
544271362022338560 2821 1620 1.741358024691358 True 2010 73
553512735192141826 4028287 3 1342762.3333333333 True 2009 21351
614650850393391104 14347 3628 3.9545203969128995 False 2013 210
552785375161499649 3194032 1146 2787.113438045375 True 2008 24605
553506608203169792 42875987 3 14291995.666666666 True 2007 139979
614599587362414592 27082 4106 6.5957135898684855 True 2009 1046
667487418388488192 254170 67 3793.582089552239 True 2008 5049
614891047886434304 1797115 661 2718.7821482602117 True 2008 32535
615592870540488704 464592 3 154864.0 False 2011 283
614610920782888960 257038 207 1241.729468599034 True 2008 3158
553160652567498752 15411916 528 29189.234848484848 True 2009 60431
544305540286148609 23665 676 35.00739644970414 True 2013 442
553566026030272512 15411917 528 29189.236742424244 True 2009 60431
553107921081749504 7508410 1823 4118.7109160724085 True 2008 44752
614604054552018944 UNK UNK UNK UNK UNK UNK
553544694765215745 22183 1095 20.258447488584476 True 2007 423
524932935137628160 855421 1027 832.9318403115872 True 2009 10957
544513524438155264 3155035 1254 2515.97687400319 True 2007 33217
553586897168392192 246601 1152 214.06336805555554 True 2009 5505
544290258951892992 17631181 907 19439.00882028666 True 2007 116994
552805488631758849 57436085 120 478634.0416666667 True 2007 186622
553590459688570880 136692 341 400.85630498533726 True 2012 3641
544329935943237632 UNK UNK UNK UNK UNK UNK
552811386259386370 17631181 907 19439.00882028666 True 2007 116994
544319274072817664 UNK UNK UNK UNK UNK UNK
668849913678209024 254172 67 3793.6119402985073 True 2008 5051
614671961801785344 4152092 1505 2758.8651162790698 True 2007 41084
524935485370929152 389462 4278 91.03833567087425 True 2009 6315
642465192408940544 323058 8127 39.75119970468808 False 2010 2120
614702244001382400 4152092 1505 2758.8651162790698 True 2007 41084
553535829017370625 3361683 453 7420.933774834437 True 2007 10910
667073349974102017 18732 312 60.03846153846154 False 2011 663
544268732046913536 461730 15492 29.804415182029434 True 2008 4442
544282227035869184 235448 8273 28.459809017285146 False 2011 3925
614648099542204416 3445982 513 6717.313840155945 True 2007 38060
544512664769396736 3076574 627 4906.81658692185 True 2009 23033
650128194209730561 46268841 904 51182.34623893805 True 2007 206480
524943490887991296 232997 484 481.3987603305785 True 2009 2445
544278985249550337 123946 3834 32.32811684924361 True 2009 1366
614638036593299456 3445982 513 6717.313840155945 True 2007 38060
524923462398513152 12694 2970 4.274074074074074 True 2011 426
525058976376193024 UNK UNK UNK UNK UNK UNK
674263945172119552 6316149 339 18631.70796460177 True 2008 38772
544289409294553088 116063 3529 32.88835364125815 True 2009 2458
614624331717545984 357232 1425 250.68912280701755 True 2009 4233
525025463648137216 1915258 369 5190.40108401084 True 2009 6922
616311563071434753 158460 260 609.4615384615385 True 2009 1757
628604055644934144 5834 934 6.2462526766595285 True 2010 109
524980744658382848 1285603 409 3143.283618581907 True 2009 9036
650046859537448960 46268836 904 51182.3407079646 True 2007 206480
640967537178472448 2439216 258969 9.418949758465299 True 2008 18996
544391533240516608 6122150 246 24886.788617886177 True 2007 53723
544350567183556608 19575 1996 9.807114228456914 True 2009 494
553476490315431937 2522396 2310 1091.9463203463204 True 2008 13999
524942470472548352 14918 1182 12.62098138747885 True 2009 312
552806757672964097 4071954 628 6484.003184713376 True 2008 34768
614494460747997184 UNK UNK UNK UNK UNK UNK
552984502063337472 1849396 675 2739.8459259259257 True 2011 22879
524975705206304769 1285603 409 3143.283618581907 True 2009 9036
649974380416618496 21778673 1114 19549.97576301616 True 2007 123573
524965775036387329 22362 1268 17.63564668769716 True 2010 196
614494170590367744 UNK UNK UNK UNK UNK UNK
614626710248534016 3445982 513 6717.313840155945 True 2007 38060
614614133410033664 7508411 1823 4118.71146461876 True 2008 44752
553586860334010368 455558 275 1656.5745454545454 True 2013 1470
553588178687655936 11494648 5669 2027.6323866643147 True 2008 84671
524926235030589440 235448 8273 28.459809017285146 False 2011 3925
674358835675549696 6316149 339 18631.70796460177 True 2008 38772
525068915068923904 16448 1284 12.809968847352025 False 2008 272
544520042810200064 110372 7053 15.648943711895647 False 2011 134
524922729485848576 UNK UNK UNK UNK UNK UNK
544476808566276097 5938609 28 212093.17857142858 True 2007 26677
553531413459660800 4028288 3 1342762.6666666667 True 2009 21351
544391176137089024 10375320 370 28041.405405405407 True 2007 41730
553558982476828674 36983 1626 22.744772447724475 True 2011 976
614599815280857088 319514 1547 206.53781512605042 True 2009 4316
632377165477191680 UNK UNK UNK UNK UNK UNK
656870311057575936 15946845 5295 3011.6798866855524 True 2009 59079
672513234419638273 15411920 528 29189.242424242424 True 2009 60431
647169726158925824 3341130 345 9684.434782608696 True 2008 17554
641088973717110784 390 671 0.5812220566318927 False 2010 28
642027433693171712 3341131 345 9684.437681159421 True 2008 17554
626516248206135296 1352736 4778 283.11762243616573 True 2012 13068
629209452793626624 10492 334 31.41317365269461 False 2013 9
662151653462790144 UNK UNK UNK UNK UNK UNK
659439879701602304 62164 311 199.88424437299037 False 2013 587
640107106943766528 4565 754 6.054376657824934 True 2010 217
647168914955243520 23571 4991 4.722700861550791 True 2009 888
613023744454475776 3341131 345 9684.437681159421 True 2008 17554
626642648179159040 6583959 2907 2264.863777089783 True 2007 23941
615346611955183616 UNK UNK UNK UNK UNK UNK
666810213274689537 1205144 4203 286.73423744944085 True 2007 8931
676094756758364160 2527869 1 2527869.0 False 2007 8237
626898253900943360 UNK UNK UNK UNK UNK UNK
647169573599449088 235448 8273 28.459809017285146 False 2011 3925
637873886072320001 47335051 1106 42798.41862567812 True 2007 145487
651825062174195712 7394194 1931 3829.204557224236 True 2010 19266
674187250792558592 29227 3270 8.937920489296635 False 2010 872
675193315306905600 3076574 627 4906.81658692185 True 2009 23033
668872645589471232 2527869 1 2527869.0 False 2007 8237
669613420665159680 254172 67 3793.6119402985073 True 2008 5051
618805892222468096 1133166 971 1167.0092687950566 True 2011 4359
645362146415525888 UNK UNK UNK UNK UNK UNK
643103859729166337 766480 1017 753.6676499508358 True 2011 5245
674364257799004160 UNK UNK UNK UNK UNK UNK
666190716448587776 91367 14505 6.2990003447087215 False 2013 564
634404792241143809 11429274 10 1142927.4 True 2008 72865
631388553801564160 50651 23535 2.15215636286382 False 2014 141
672219174463275008 15411920 528 29189.242424242424 True 2009 60431
667534186450825216 UNK UNK UNK UNK UNK UNK
676120162018451456 UNK UNK UNK UNK UNK UNK
674229534888185856 2862965 748 3827.493315508021 True 2008 18553
672902686380003328 UNK UNK UNK UNK UNK UNK
666070802924617728 UNK UNK UNK UNK UNK UNK
674244561519161344 9787366 2753 3555.1638212858697 True 2007 126058
655080266784968705 47335054 1106 42798.42133815552 True 2007 145488
633823543541768192 UNK UNK UNK UNK UNK UNK
642145732435292160 47335054 1106 42798.42133815552 True 2007 145488
662381914842603520 UNK UNK UNK UNK UNK UNK
676870737932742656 15411920 528 29189.242424242424 True 2009 60431
626770498328895488 169681 11954 14.194495566337627 False 2012 653
628045645010608128 UNK UNK UNK UNK UNK UNK
659462980476637184 UNK UNK UNK UNK UNK UNK
672539897899577344 UNK UNK UNK UNK UNK UNK
672433211604013057 114174 6058 18.846814130075934 False 2012 965
674014933235859456 UNK UNK UNK UNK UNK UNK
664000310856310784 2196597 729 3013.1646090534978 True 2008 10938
657007736467525632 2527870 1 2527870.0 False 2007 8237
620971220301787136 UNK UNK UNK UNK UNK UNK
611039775856812032 10375321 370 28041.40810810811 True 2007 41730
613294443878305796 263429 1835 143.55803814713897 True 2011 3291
675064077367005184 102586 1315 78.01216730038023 False 2009 1292
613362193787129860 UNK UNK UNK UNK UNK UNK
638047610973089793 5375 92 58.42391304347826 False 2013 105
653250169752977408 47335057 1106 42798.42405063291 True 2007 145488
669259395902152704 UNK UNK UNK UNK UNK UNK
675005503160901632 373842 618 604.9223300970874 True 2011 6051
614054616154550273 UNK UNK UNK UNK UNK UNK
676067381299576832 3329145 337 9878.768545994066 True 2009 13238
672424512516964352 3329145 337 9878.768545994066 True 2009 13238
604642913188872192 409829 106 3866.311320754717 False 2013 2953
656880145769197568 UNK UNK UNK UNK UNK UNK
663817239896821760 6583959 2907 2264.863777089783 True 2007 23941
672632863452299264 174409 167974 1.0383095002798053 False 2010 724
666051332504207360 342498 1405 243.77081850533807 True 2009 6465
672927317191229440 UNK UNK UNK UNK UNK UNK
656811196218286080 398299 1409 282.6820440028389 True 2010 4785
652783670370115585 2527871 1 2527871.0 False 2007 8237
662430295254175744 459840 1156 397.7854671280277 False 2010 5035
673686233936072704 1205144 4203 286.73423744944085 True 2007 8931
665358434351509504 UNK UNK UNK UNK UNK UNK
604625816992002049 UNK UNK UNK UNK UNK UNK
656595123590012928 398299 1409 282.6820440028389 True 2010 4785
613016993692798977 225815 995 226.9497487437186 True 2013 2001
647464349611589632 47335051 1106 42798.41862567812 True 2007 145488
613404935003217920 11494648 5669 2027.6323866643147 True 2008 84671
658259426172891136 UNK UNK UNK UNK UNK UNK
674301413040758785 10375322 370 28041.410810810812 True 2007 41730
676718762830221312 2196597 729 3013.1646090534978 True 2008 10938
668144671772778497 761637 1214 627.3780889621087 True 2007 11433
620367840902782976 169681 11954 14.194495566337627 False 2012 653
636925368927064064 254172 67 3793.6119402985073 True 2008 5051
673615400655970304 UNK UNK UNK UNK UNK UNK
656830586577883136 15411920 528 29189.242424242424 True 2009 60431
658786161733734400 UNK UNK UNK UNK UNK UNK
672632899921833984 129094 49629 2.6011807612484636 False 2012 770
666497286663503872 4071954 628 6484.003184713376 True 2008 34768
658065957823324160 UNK UNK UNK UNK UNK UNK
663925546812837888 10733 20 536.65 False 2008 546
673079581520318464 1865491 24 77728.79166666667 False 2011 5066
651959206287908868 2196597 729 3013.1646090534978 True 2008 10938
612646796355960832 1108697 360 3079.713888888889 True 2010 10780
661120256732041216 7459 4936 1.5111426256077796 False 2011 161
623818627054206977 UNK UNK UNK UNK UNK UNK
654343805081157633 54 36 1.5 False 2011 1
665575674485211136 250237 251397 0.9953857842376799 False 2009 1128
626901072209121282 UNK UNK UNK UNK UNK UNK
613425834301485056 545911 14343 38.06114480931465 True 2009 6358
656825206045020160 7510048 513 14639.46978557505 True 2008 52552
655986243042459648 2527871 1 2527871.0 False 2007 8237
642432477185867776 729949 30 24331.633333333335 False 2012 1354
637382230394822656 243530 201080 1.211110005967774 False 2009 3237
640644123339431936 UNK UNK UNK UNK UNK UNK
656818921979310081 69822 1694 41.2172373081464 True 2010 983
661299012386095105 9787366 2753 3555.1638212858697 True 2007 126058
654371696195993600 UNK UNK UNK UNK UNK UNK
666633171325353989 27773000 71 391169.0140845071 True 2007 120668
647193820812177408 7510048 513 14639.46978557505 True 2008 52552
656047932093763584 57436096 120 478634.13333333336 True 2007 186622
644229386149888001 11217 13061 0.8588163234055586 False 2008 139
665379967757324288 17346 12280 1.4125407166123778 False 2009 228
674301960787505153 10036 160 62.725 False 2014 98
618192748735299584 1092037 213 5126.934272300469 False 2010 2584
673872171341447169 113923 3963 28.746656573303053 True 2012 2540
672180526946656256 82985 839 98.90941597139452 True 2007 2903
674314254732931072 3341133 345 9684.44347826087 True 2008 17554
661222523275636736 113164 159493 0.7095233019630955 False 2015 365
634943791934406657 42292 28853 1.4657747894499706 False 2011 565
665364878287224834 163961 2303 71.19452887537994 False 2012 1452
633961125126668288 3341132 345 9684.440579710144 True 2008 17554
681767380305985536 9787366 2753 3555.1638212858697 True 2007 126058
629503919098429440 571 357 1.5994397759103642 False 2013 0
612841482823729152 144606 42920 3.3691985088536813 True 2012 1572
661102820976930816 43646 9 4849.555555555556 False 2011 830
656202544331517952 658850 8029 82.05878689749657 True 2007 11168
673664899571060736 113923 3963 28.746656573303053 True 2012 2540
604354747357859842 UNK UNK UNK UNK UNK UNK
613393657161510913 1125656 465 2420.7655913978497 True 2008 6685
675065047710892033 514089 1998 257.3018018018018 True 2008 3750
600451916414484480 15501 25 620.04 False 2013 92
612438528803213312 5069 1445 3.5079584775086503 False 2007 206
661870323034431489 1845 2954 0.6245768449559919 False 2009 53
672169954016403456 15411921 528 29189.24431818182 True 2009 60431
673615263040798726 668463 2779 240.54084202950702 True 2012 3972
594687353937100801 UNK UNK UNK UNK UNK UNK
656662726014599168 24647301 125 197178.408 True 2007 115823
635632641635667968 2908966 1171 2484.1725021349275 True 2007 15239
673581371458199552 221030 4194 52.701478302336675 True 2009 994
674015148382666752 UNK UNK UNK UNK UNK UNK
667379734343471104 UNK UNK UNK UNK UNK UNK
656834590779289600 398299 1409 282.6820440028389 True 2010 4785
661229627734667264 209937 3943 53.242962211514076 True 2008 5508
663722803489808384 9787366 2753 3555.1638212858697 True 2007 126058
672828403016429568 UNK UNK UNK UNK UNK UNK
659428447459110912 64259 188 341.8031914893617 False 2012 546
673611867181473792 24673 2055 12.00632603406326 True 2010 631
658462819667615744 UNK UNK UNK UNK UNK UNK
656629493377990656 UNK UNK UNK UNK UNK UNK
666107476526432256 UNK UNK UNK UNK UNK UNK
613194145423826944 721018 687 1049.5167394468704 True 2007 7344
641443248909754368 9787366 2753 3555.1638212858697 True 2007 126058
622891631293935616 188910 28624 6.599706539966462 False 2009 1306
666640008149925893 103954 6688 15.543361244019138 True 2007 4897
673696115305406466 78117 163 479.2453987730061 True 2010 78
618804516578680832 47335061 1106 42798.42766726944 True 2007 145488
674080899055546368 9195 988 9.30668016194332 False 2011 390
641050980985999360 UNK UNK UNK UNK UNK UNK
626546123713474560 6583959 2907 2264.863777089783 True 2007 23941
673346166822694914 UNK UNK UNK UNK UNK UNK
641191076716417025 UNK UNK UNK UNK UNK UNK
626739062792032256 6583959 2907 2264.863777089783 True 2007 23941
714555825122107392 1775 3823 0.4642950562385561 False 2009 116
722885778448121857 254172 67 3793.6119402985073 True 2008 5051
651786568592658433 14729 222 66.34684684684684 True 2010 219
663744139666804736 117467 80986 1.4504605734324452 True 2013 1685
748558349139058688 101583 7030 14.449928876244666 False 2011 620
724320681517670400 18954597 269 70463.18587360595 True 2007 67258
653432261203750912 5964284 3901 1528.9115611381696 True 2008 21577
742678930516123650 UNK UNK UNK UNK UNK UNK
727172374999666688 2246167 1182 1900.3104906937394 True 2010 13213
743126914794037248 29709 5 5941.8 False 2013 39
715256242990505984 3248145 691 4700.643994211288 True 2007 24784
752965545528528898 7477301 1719 4349.7969749854565 True 2008 32004
752875379765968897 16676 17255 0.9664445088380179 False 2007 800
715254040289021952 209937 3943 53.242962211514076 True 2008 5508
707405809181917184 3726857 265 14063.611320754717 True 2007 27692
714598641827246081 223683 981 228.01529051987768 True 2009 2201
707412869860696064 3726857 265 14063.611320754717 True 2007 27692
701872343736520704 11815451 1460 8092.774657534246 True 2010 22464
726086935903494144 668463 2779 240.54084202950702 True 2012 3972
701539698452393986 46268853 904 51182.359513274336 True 2007 206480
707321278135463936 217946 2323 93.82092122255703 True 2008 5302
727966590084485120 11494648 5669 2027.6323866643147 True 2008 84671
724348906096590849 18954597 269 70463.18587360595 True 2007 67258
778949749156245504 UNK UNK UNK UNK UNK UNK
755439197125767169 14003095 7037 1989.92397328407 True 2009 98162
760120409429643266 2236204 97 23053.649484536083 True 2009 3139
649584608560832513 241629 1201 201.18984179850125 True 2010 2378
727854332188577792 UNK UNK UNK UNK UNK UNK
748543642323783681 UNK UNK UNK UNK UNK UNK
780436430732525569 28104 826 34.02421307506053 True 2008 489
764931593303646208 263429 1835 143.55803814713897 True 2011 3291
732981604826677249 17030507 495 34405.06464646465 True 2008 104242
714577521992343552 7136 756 9.43915343915344 False 2010 240
707420972173955072 1635598 11633 140.5998452677727 True 2008 19099
749286768554438658 47335080 1106 42798.44484629295 True 2007 145488
724703995147751424 4071954 628 6484.003184713376 True 2008 34768
714560810266132480 1814791 199 9119.552763819096 True 2008 16587
714503380476026880 10956 165 66.4 False 2009 256
728627623488786433 375305 205 1830.7560975609756 False 2011 739
727179214546456577 1325996 114 11631.543859649122 True 2012 9593
707308274270539777 UNK UNK UNK UNK UNK UNK
716461257025581056 56758 1969 28.825799898425597 False 2015 482
650975967146602496 1578596 3305 477.6387291981846 True 2009 16832
760928376668454912 237659 866 274.43302540415704 True 2009 1721
725983128444129280 188910 28624 6.599706539966462 False 2009 1306
715671763808493569 120059 106528 1.1270182487233404 False 2009 1004
730939370765754368 UNK UNK UNK UNK UNK UNK
655812191233417216 47558 42624 1.1157563813813813 False 2010 318
778530869208190976 11758 5125 2.294243902439024 False 2016 151
778625026144792577 209937 3943 53.242962211514076 True 2008 5508
707310135291416576 231485 582 397.7405498281787 True 2008 2789
716092408920936448 UNK UNK UNK UNK UNK UNK
778681502825451520 382447 769 497.3302990897269 True 2010 5318
714851393861881857 23629 534 44.249063670411985 False 2015 159
714998347111669760 11815452 1460 8092.775342465753 True 2010 22464
729647367457230850 15946842 5295 3011.6793201133146 True 2009 59079
760109079133990912 2236204 97 23053.649484536083 True 2009 3139
728038172270198787 293982 1037 283.4927675988428 False 2012 1263
701975210044497921 39335 3430 11.46793002915452 True 2010 676
780882510645370880 161937 2162 74.90148011100833 True 2007 2544
742050150307246080 52260 33113 1.5782321142753601 False 2008 1334
727623131494387714 43062 27882 1.5444372713578653 False 2015 49
751536167183613952 178977 1335 134.06516853932584 False 2009 3190
723477822950395904 3076574 627 4906.81658692185 True 2009 23033
743058135300988932 UNK UNK UNK UNK UNK UNK
653432177632387072 11775538 115614 101.8521805317695 True 2007 35702
765735409984806912 121393 6463 18.78276342255918 True 2008 2332
652300118205427716 UNK UNK UNK UNK UNK UNK
763520953619918848 323057 8127 39.7510766580534 False 2010 2120
740791134146965504 367318 17185 21.374338085539716 True 2009 2627
697992796565741569 1184 435 2.72183908045977 False 2010 29
763738618573623297 UNK UNK UNK UNK UNK UNK
778299287293816832 UNK UNK UNK UNK UNK UNK
714531423273746432 35433 3305 10.721028744326778 False 2011 868
743764020679741440 188880 754 250.50397877984085 True 2008 1202
763896522790440960 UNK UNK UNK UNK UNK UNK
778689027918618625 8153632 70187 116.17011697322866 True 2007 68141
714567472712589312 153016 8135 18.80958819913952 False 2012 1311
748640007934590976 47335085 1106 42798.44936708861 True 2007 145488
726442550266044416 241700 31885 7.580366943703936 True 2011 3236
707305999971921920 323125 201617 1.6026674337977451 False 2013 1082
711994705333112832 905776 3052 296.781127129751 True 2009 15638
728273551883534336 252652 18 14036.222222222223 False 2013 154
749039299677417472 UNK UNK UNK UNK UNK UNK
723504069814444033 315241 972 324.32201646090533 True 2010 2531
730516765525082112 254172 67 3793.6119402985073 True 2008 5051
723644048867774464 4067000 977 4162.743091095189 True 2008 15039
703234354579898368 169681 11954 14.194495566337627 False 2012 653
705093513076015104 235448 8273 28.459809017285146 False 2011 3925
779633844680962048 UNK UNK UNK UNK UNK UNK
656361703664451585 19361 1666 11.62124849939976 True 2011 365
652982112870662144 11494649 5669 2027.6325630622684 True 2008 84671
755548076438196225 UNK UNK UNK UNK UNK UNK
765739657908850688 48323 1360 35.53161764705882 True 2011 1226
716416753409081344 51940 24479 2.121818701744352 False 2009 1926
763524712853102596 108032 97682 1.1059560615057022 False 2010 403
717081129627553792 UNK UNK UNK UNK UNK UNK
725070832494624769 241700 31885 7.580366943703936 True 2011 3236
763430916236640256 12767 4644 2.7491386735572783 False 2016 28
777710439870455808 UNK UNK UNK UNK UNK UNK
728013148788154368 255841 16436 15.565891944512046 True 2007 3310
755523157700648960 121603 1272 95.5998427672956 False 2015 104
732004388181434368 1014305 155 6543.903225806452 True 2009 10150
715268937873760256 11494649 5669 2027.6325630622684 True 2008 84671
774833492865593344 25671 1282 20.02418096723869 False 2015 106
712223438698627073 905776 3052 296.781127129751 True 2009 15638
724939017410727938 UNK UNK UNK UNK UNK UNK
707786906189303808 13504 6 2250.6666666666665 False 2016 23
764368020391223296 12767 4644 2.7491386735572783 False 2016 28
757450526153900032 405148 417 971.5779376498801 True 2007 5404
757190314880884736 49817 4373 11.39195060599131 False 2012 768
716424773216022530 UNK UNK UNK UNK UNK UNK
653285570383335424 215191 4907 43.85388220908906 True 2014 258
701514249269542912 46268856 904 51182.36283185841 True 2007 206480
731093044460683264 15537827 1657 9377.083283041642 True 2007 96041
724044187113512960 4067000 977 4162.743091095189 True 2008 15039
656523458139045889 UNK UNK UNK UNK UNK UNK
714598318333042688 UNK UNK UNK UNK UNK UNK
706933939953344514 23936 12793 1.8710232158211522 False 2014 414
640182854928961536 3194035 1146 2787.116055846422 True 2008 24605
714811995573325828 UNK UNK UNK UNK UNK UNK
742114513726623744 254172 67 3793.6119402985073 True 2008 5051
757367391202471937 1797115 661 2718.7821482602117 True 2008 32535
728625967921401856 665259 30364 21.909465156105917 True 2007 11632
757748522481491968 188770 82779 2.280409282547506 False 2011 1129
654336219447472128 11588 331 35.00906344410876 False 2013 41
740748123581087745 28756 7228 3.9784172661870505 True 2009 1083
655815788675399680 31272 9 3474.6666666666665 False 2014 75
651809229842608128 6048 4665 1.2964630225080387 False 2009 161
707300612862566400 641997 9585 66.97934272300469 True 2009 7535
747275598347837440 UNK UNK UNK UNK UNK UNK
655432919595548672 65782 1697 38.76370064820271 False 2014 216
742012307694223361 241700 31885 7.580366943703936 True 2011 3236
747443219487678464 241700 31885 7.580366943703936 True 2011 3236
751856580874960897 3815 1183 3.224852071005917 False 2010 72
763428684850094080 UNK UNK UNK UNK UNK UNK
676586804242309121 1635598 11633 140.5998452677727 True 2008 19099
723521076446142465 766382 1274 601.5557299843014 True 2009 2075
756282236375277568 1797115 661 2718.7821482602117 True 2008 32535
706665777332621314 1067498 123189 8.665530201560204 True 2008 14696
725174535897620481 186797 57267 3.261861106745595 False 2009 447
727834854931435522 2138779 2061 1037.738476467734 True 2009 5616
716457799392342018 11075 12197 0.9080101664343692 False 2015 128
731166399389962242 UNK UNK UNK UNK UNK UNK
715264793737879553 17030233 495 34404.51111111111 True 2008 104242
755447443009916929 721018 687 1049.5167394468704 True 2007 7344
727588444000526336 UNK UNK UNK UNK UNK UNK
744390771869102080 UNK UNK UNK UNK UNK UNK
742055437932040193 UNK UNK UNK UNK UNK UNK
716439952922312704 56758 1969 28.825799898425597 False 2015 482
650952376954650629 148792 3809 39.06327119978997 True 2009 1921
758825535480864769 UNK UNK UNK UNK UNK UNK
714755546285477888 225458 915 246.40218579234974 True 2011 1256
715515982584881152 1139735 715 1594.0349650349651 True 2009 8693
732971411157880832 UNK UNK UNK UNK UNK UNK
745365403237376000 UNK UNK UNK UNK UNK UNK
766789709045518336 UNK UNK UNK UNK UNK UNK
716451800581279744 UNK UNK UNK UNK UNK UNK
658755852199927808 382447 769 497.3302990897269 True 2010 5318
723772395211862016 4067000 977 4162.743091095189 True 2008 15039
727187859367546880 186797 57267 3.261861106745595 False 2009 447
